16 16 16
0.9 0.7 0.9 
-0.70711 0.0 0.70711
-0.75258 0.0 0.6585
-0.8 0.0 0.6
-0.848 0.0 0.53
-0.89443 0.0 0.44721
-0.93633 0.0 0.35112
-0.97014 0.0 0.24254
-0.99228 0.0 0.12403
-1.0 0.0 -0.0
-0.99228 0.0 -0.12403
-0.97014 0.0 -0.24254
-0.93633 0.0 -0.35112
-0.89443 0.0 -0.44721
-0.848 0.0 -0.53
-0.8 0.0 -0.6
-0.75258 0.0 -0.6585
-0.70789 0.0 0.80902
-0.76014 0.0 0.76014
-0.8162 0.0 0.6996
-0.87476 0.0 0.62483
-0.93336 0.0 0.53335
-0.98808 0.0 0.42346
-1.03364 0.0 0.29533
-1.0642 0.0 0.15203
-1.075 0.0 -0.0
-1.0642 0.0 -0.15203
-1.03364 0.0 -0.29533
-0.98808 0.0 -0.42346
-0.93336 0.0 -0.53335
-0.87476 0.0 -0.62483
-0.8162 0.0 -0.6996
-0.76014 0.0 -0.76014
-0.69 0.0 0.92
-0.74841 0.0 0.87315
-0.81317 0.0 0.81317
-0.88345 0.0 0.73621
-0.95686 0.0 0.63791
-1.02859 0.0 0.5143
-1.09099 0.0 0.36366
-1.13435 0.0 0.18906
-1.15 0.0 -0.0
-1.13435 0.0 -0.18906
-1.09099 0.0 -0.36366
-1.02859 0.0 -0.5143
-0.95686 0.0 -0.63791
-0.88345 0.0 -0.73621
-0.81317 0.0 -0.81317
-0.74841 0.0 -0.87315
-0.64925 0.0 1.0388
-0.71202 0.0 0.99682
-0.78423 0.0 0.94107
-0.86621 0.0 0.86621
-0.95656 0.0 0.76525
-1.05043 0.0 0.63026
-1.13738 0.0 0.45495
-1.20121 0.0 0.24024
-1.225 0.0 -0.0
-1.20121 0.0 -0.24024
-1.13738 0.0 -0.45495
-1.05043 0.0 -0.63026
-0.95656 0.0 -0.76525
-0.86621 0.0 -0.86621
-0.78423 0.0 -0.94107
-0.71202 0.0 -0.99682
-0.58138 0.0 1.16276
-0.64498 0.0 1.12872
-0.72111 0.0 1.08167
-0.8121 0.0 1.01513
-0.91924 0.0 0.91924
-1.04 0.0 0.78
-1.16276 0.0 0.58138
-1.26119 0.0 0.3153
-1.3 0.0 -0.0
-1.26119 0.0 -0.3153
-1.16276 0.0 -0.58138
-1.04 0.0 -0.78
-0.91924 0.0 -0.91924
-0.8121 0.0 -1.01513
-0.72111 0.0 -1.08167
-0.64498 0.0 -1.12872
-0.48279 0.0 1.28745
-0.54164 0.0 1.26382
-0.61492 0.0 1.22984
-0.70743 0.0 1.17905
-0.825 0.0 1.1
-0.97227 0.0 0.97227
-1.14407 0.0 0.76271
-1.30444 0.0 0.43481
-1.375 0.0 -0.0
-1.30444 0.0 -0.43481
-1.14407 0.0 -0.76271
-0.97227 0.0 -0.97227
-0.825 0.0 -1.1
-0.70743 0.0 -1.17905
-0.61492 0.0 -1.22984
-0.54164 0.0 -1.26382
-0.35168 0.0 1.40671
-0.39835 0.0 1.39421
-0.45853 0.0 1.37559
-0.53852 0.0 1.34629
-0.64846 0.0 1.29692
-0.80432 0.0 1.20647
-1.0253 0.0 1.0253
-1.29692 0.0 0.64846
-1.45 0.0 -0.0
-1.29692 0.0 -0.64846
-1.0253 0.0 -1.0253
-0.80432 0.0 -1.20647
-0.64846 0.0 -1.29692
-0.53852 0.0 -1.34629
-0.45853 0.0 -1.37559
-0.39835 0.0 -1.39421
-0.18915 0.0 1.51322
-0.21567 0.0 1.50967
-0.25071 0.0 1.50425
-0.29908 0.0 1.49539
-0.36987 0.0 1.47947
-0.48225 0.0 1.44674
-0.682 0.0 1.364
-1.07834 0.0 1.07834
-1.525 0.0 -0.0
-1.07834 0.0 -1.07834
-0.682 0.0 -1.364
-0.48225 0.0 -1.44674
-0.36987 0.0 -1.47947
-0.29908 0.0 -1.49539
-0.25071 0.0 -1.50425
-0.21567 0.0 -1.50967
-0.0 0.0 1.6
-0.0 0.0 1.6
-0.0 0.0 1.6
-0.0 0.0 1.6
-0.0 0.0 1.6
-0.0 0.0 1.6
-0.0 0.0 1.6
-0.0 0.0 1.6
0.0 0.0 0.0
0.0 0.0 -1.6
0.0 0.0 -1.6
0.0 0.0 -1.6
0.0 0.0 -1.6
0.0 0.0 -1.6
0.0 0.0 -1.6
0.0 0.0 -1.6
0.20776 0.0 1.66207
0.23688 0.0 1.65817
0.27537 0.0 1.65221
0.32849 0.0 1.64247
0.40625 0.0 1.62499
0.52968 0.0 1.58904
0.74908 0.0 1.49817
1.1844 0.0 1.1844
1.675 0.0 0.0
1.1844 0.0 -1.1844
0.74908 0.0 -1.49817
0.52968 0.0 -1.58904
0.40625 0.0 -1.62499
0.32849 0.0 -1.64247
0.27537 0.0 -1.65221
0.23688 0.0 -1.65817
0.42444 0.0 1.69775
0.48076 0.0 1.68267
0.5534 0.0 1.6602
0.64993 0.0 1.62483
0.78262 0.0 1.56525
0.97073 0.0 1.45609
1.23744 0.0 1.23744
1.56525 0.0 0.78262
1.75 0.0 0.0
1.56525 0.0 -0.78262
1.23744 0.0 -1.23744
0.97073 0.0 -1.45609
0.78262 0.0 -1.56525
0.64993 0.0 -1.62483
0.5534 0.0 -1.6602
0.48076 0.0 -1.68267
0.6408 0.0 1.7088
0.7189 0.0 1.67744
0.81616 0.0 1.63233
0.93895 0.0 1.56492
1.095 0.0 1.46
1.29047 0.0 1.29047
1.51849 0.0 1.01233
1.73135 0.0 0.57712
1.825 0.0 0.0
1.73135 0.0 -0.57712
1.51849 0.0 -1.01233
1.29047 0.0 -1.29047
1.095 0.0 -1.46
0.93895 0.0 -1.56492
0.81616 0.0 -1.63233
0.7189 0.0 -1.67744
0.84971 0.0 1.69941
0.94266 0.0 1.64966
1.05393 0.0 1.5809
1.18692 0.0 1.48365
1.3435 0.0 1.3435
1.52 0.0 1.14
1.69941 0.0 0.84971
1.84327 0.0 0.46082
1.9 0.0 0.0
1.84327 0.0 -0.46082
1.69941 0.0 -0.84971
1.52 0.0 -1.14
1.3435 0.0 -1.3435
1.18692 0.0 -1.48365
1.05393 0.0 -1.5809
0.94266 0.0 -1.64966
1.04675 0.0 1.6748
1.14795 0.0 1.60712
1.26436 0.0 1.51724
1.39654 0.0 1.39654
1.54222 0.0 1.23377
1.69355 0.0 1.01613
1.83374 0.0 0.7335
1.93665 0.0 0.38733
1.975 0.0 0.0
1.93665 0.0 -0.38733
1.83374 0.0 -0.7335
1.69355 0.0 -1.01613
1.54222 0.0 -1.23377
1.39654 0.0 -1.39654
1.26436 0.0 -1.51724
1.14795 0.0 -1.60712
1.23 0.0 1.64
1.33412 0.0 1.55648
1.44957 0.0 1.44957
1.57485 0.0 1.31238
1.7057 0.0 1.13714
1.83358 0.0 0.91679
1.9448 0.0 0.64827
2.02211 0.0 0.33702
2.05 0.0 0.0
2.02211 0.0 -0.33702
1.9448 0.0 -0.64827
1.83358 0.0 -0.91679
1.7057 0.0 -1.13714
1.57485 0.0 -1.31238
1.44957 0.0 -1.44957
1.33412 0.0 -1.55648
1.39932 0.0 1.59923
1.5026 0.0 1.5026
1.61342 0.0 1.38293
1.72918 0.0 1.23513
1.84502 0.0 1.0543
1.95318 0.0 0.83708
2.04324 0.0 0.58378
2.10364 0.0 0.30052
2.125 0.0 0.0
2.10364 0.0 -0.30052
2.04324 0.0 -0.58378
1.95318 0.0 -0.83708
1.84502 0.0 -1.0543
1.72918 0.0 -1.23513
1.61342 0.0 -1.38293
1.5026 0.0 -1.5026
-0.70711 0.0 0.70711
-0.75258 0.0 0.6585
-0.8 0.0 0.6
-0.848 0.0 0.53
-0.89443 0.0 0.44721
-0.93633 0.0 0.35112
-0.97014 0.0 0.24254
-0.99228 0.0 0.12403
-1.0 0.0 -0.0
-0.99228 0.0 -0.12403
-0.97014 0.0 -0.24254
-0.93633 0.0 -0.35112
-0.89443 0.0 -0.44721
-0.848 0.0 -0.53
-0.8 0.0 -0.6
-0.75258 0.0 -0.6585
-0.70789 0.0 0.80902
-0.76014 0.0 0.76014
-0.8162 0.0 0.6996
-0.87476 0.0 0.62483
-0.93336 0.0 0.53335
-0.98808 0.0 0.42346
-1.03364 0.0 0.29533
-1.0642 0.0 0.15203
-1.075 0.0 -0.0
-1.0642 0.0 -0.15203
-1.03364 0.0 -0.29533
-0.98808 0.0 -0.42346
-0.93336 0.0 -0.53335
-0.87476 0.0 -0.62483
-0.8162 0.0 -0.6996
-0.76014 0.0 -0.76014
-0.69 0.0 0.92
-0.74841 0.0 0.87315
-0.81317 0.0 0.81317
-0.88345 0.0 0.73621
-0.95686 0.0 0.63791
-1.02859 0.0 0.5143
-1.09099 0.0 0.36366
-1.13435 0.0 0.18906
-1.15 0.0 -0.0
-1.13435 0.0 -0.18906
-1.09099 0.0 -0.36366
-1.02859 0.0 -0.5143
-0.95686 0.0 -0.63791
-0.88345 0.0 -0.73621
-0.81317 0.0 -0.81317
-0.74841 0.0 -0.87315
-0.64925 0.0 1.0388
-0.71202 0.0 0.99682
-0.78423 0.0 0.94107
-0.86621 0.0 0.86621
-0.95656 0.0 0.76525
-1.05043 0.0 0.63026
-1.13738 0.0 0.45495
-1.20121 0.0 0.24024
-1.225 0.0 -0.0
-1.20121 0.0 -0.24024
-1.13738 0.0 -0.45495
-1.05043 0.0 -0.63026
-0.95656 0.0 -0.76525
-0.86621 0.0 -0.86621
-0.78423 0.0 -0.94107
-0.71202 0.0 -0.99682
-0.58138 0.0 1.16276
-0.64498 0.0 1.12872
-0.72111 0.0 1.08167
-0.8121 0.0 1.01513
-0.91924 0.0 0.91924
-1.04 0.0 0.78
-1.16276 0.0 0.58138
-1.26119 0.0 0.3153
-1.3 0.0 -0.0
-1.26119 0.0 -0.3153
-1.16276 0.0 -0.58138
-1.04 0.0 -0.78
-0.91924 0.0 -0.91924
-0.8121 0.0 -1.01513
-0.72111 0.0 -1.08167
-0.64498 0.0 -1.12872
-0.48279 0.0 1.28745
-0.54164 0.0 1.26382
-0.61492 0.0 1.22984
-0.70743 0.0 1.17905
-0.825 0.0 1.1
-0.97227 0.0 0.97227
-1.14407 0.0 0.76271
-1.30444 0.0 0.43481
-1.375 0.0 -0.0
-1.30444 0.0 -0.43481
-1.14407 0.0 -0.76271
-0.97227 0.0 -0.97227
-0.825 0.0 -1.1
-0.70743 0.0 -1.17905
-0.61492 0.0 -1.22984
-0.54164 0.0 -1.26382
-0.35168 0.0 1.40671
-0.39835 0.0 1.39421
-0.45853 0.0 1.37559
-0.53852 0.0 1.34629
-0.64846 0.0 1.29692
-0.80432 0.0 1.20647
-1.0253 0.0 1.0253
-1.29692 0.0 0.64846
-1.45 0.0 -0.0
-1.29692 0.0 -0.64846
-1.0253 0.0 -1.0253
-0.80432 0.0 -1.20647
-0.64846 0.0 -1.29692
-0.53852 0.0 -1.34629
-0.45853 0.0 -1.37559
-0.39835 0.0 -1.39421
-0.18915 0.0 1.51322
-0.21567 0.0 1.50967
-0.25071 0.0 1.50425
-0.29908 0.0 1.49539
-0.36987 0.0 1.47947
-0.48225 0.0 1.44674
-0.682 0.0 1.364
-1.07834 0.0 1.07834
-1.525 0.0 -0.0
-1.07834 0.0 -1.07834
-0.682 0.0 -1.364
-0.48225 0.0 -1.44674
-0.36987 0.0 -1.47947
-0.29908 0.0 -1.49539
-0.25071 0.0 -1.50425
-0.21567 0.0 -1.50967
-0.0 0.0 1.6
-0.0 0.0 1.6
-0.0 0.0 1.6
-0.0 0.0 1.6
-0.0 0.0 1.6
-0.0 0.0 1.6
-0.0 0.0 1.6
-0.0 0.0 1.6
0.0 0.0 0.0
0.0 0.0 -1.6
0.0 0.0 -1.6
0.0 0.0 -1.6
0.0 0.0 -1.6
0.0 0.0 -1.6
0.0 0.0 -1.6
0.0 0.0 -1.6
0.20776 0.0 1.66207
0.23688 0.0 1.65817
0.27537 0.0 1.65221
0.32849 0.0 1.64247
0.40625 0.0 1.62499
0.52968 0.0 1.58904
0.74908 0.0 1.49817
1.1844 0.0 1.1844
1.675 0.0 0.0
1.1844 0.0 -1.1844
0.74908 0.0 -1.49817
0.52968 0.0 -1.58904
0.40625 0.0 -1.62499
0.32849 0.0 -1.64247
0.27537 0.0 -1.65221
0.23688 0.0 -1.65817
0.42444 0.0 1.69775
0.48076 0.0 1.68267
0.5534 0.0 1.6602
0.64993 0.0 1.62483
0.78262 0.0 1.56525
0.97073 0.0 1.45609
1.23744 0.0 1.23744
1.56525 0.0 0.78262
1.75 0.0 0.0
1.56525 0.0 -0.78262
1.23744 0.0 -1.23744
0.97073 0.0 -1.45609
0.78262 0.0 -1.56525
0.64993 0.0 -1.62483
0.5534 0.0 -1.6602
0.48076 0.0 -1.68267
0.6408 0.0 1.7088
0.7189 0.0 1.67744
0.81616 0.0 1.63233
0.93895 0.0 1.56492
1.095 0.0 1.46
1.29047 0.0 1.29047
1.51849 0.0 1.01233
1.73135 0.0 0.57712
1.825 0.0 0.0
1.73135 0.0 -0.57712
1.51849 0.0 -1.01233
1.29047 0.0 -1.29047
1.095 0.0 -1.46
0.93895 0.0 -1.56492
0.81616 0.0 -1.63233
0.7189 0.0 -1.67744
0.84971 0.0 1.69941
0.94266 0.0 1.64966
1.05393 0.0 1.5809
1.18692 0.0 1.48365
1.3435 0.0 1.3435
1.52 0.0 1.14
1.69941 0.0 0.84971
1.84327 0.0 0.46082
1.9 0.0 0.0
1.84327 0.0 -0.46082
1.69941 0.0 -0.84971
1.52 0.0 -1.14
1.3435 0.0 -1.3435
1.18692 0.0 -1.48365
1.05393 0.0 -1.5809
0.94266 0.0 -1.64966
1.04675 0.0 1.6748
1.14795 0.0 1.60712
1.26436 0.0 1.51724
1.39654 0.0 1.39654
1.54222 0.0 1.23377
1.69355 0.0 1.01613
1.83374 0.0 0.7335
1.93665 0.0 0.38733
1.975 0.0 0.0
1.93665 0.0 -0.38733
1.83374 0.0 -0.7335
1.69355 0.0 -1.01613
1.54222 0.0 -1.23377
1.39654 0.0 -1.39654
1.26436 0.0 -1.51724
1.14795 0.0 -1.60712
1.23 0.0 1.64
1.33412 0.0 1.55648
1.44957 0.0 1.44957
1.57485 0.0 1.31238
1.7057 0.0 1.13714
1.83358 0.0 0.91679
1.9448 0.0 0.64827
2.02211 0.0 0.33702
2.05 0.0 0.0
2.02211 0.0 -0.33702
1.9448 0.0 -0.64827
1.83358 0.0 -0.91679
1.7057 0.0 -1.13714
1.57485 0.0 -1.31238
1.44957 0.0 -1.44957
1.33412 0.0 -1.55648
1.39932 0.0 1.59923
1.5026 0.0 1.5026
1.61342 0.0 1.38293
1.72918 0.0 1.23513
1.84502 0.0 1.0543
1.95318 0.0 0.83708
2.04324 0.0 0.58378
2.10364 0.0 0.30052
2.125 0.0 0.0
2.10364 0.0 -0.30052
2.04324 0.0 -0.58378
1.95318 0.0 -0.83708
1.84502 0.0 -1.0543
1.72918 0.0 -1.23513
1.61342 0.0 -1.38293
1.5026 0.0 -1.5026
-0.70711 0.0 0.70711
-0.75258 0.0 0.6585
-0.8 0.0 0.6
-0.848 0.0 0.53
-0.89443 0.0 0.44721
-0.93633 0.0 0.35112
-0.97014 0.0 0.24254
-0.99228 0.0 0.12403
-1.0 0.0 -0.0
-0.99228 0.0 -0.12403
-0.97014 0.0 -0.24254
-0.93633 0.0 -0.35112
-0.89443 0.0 -0.44721
-0.848 0.0 -0.53
-0.8 0.0 -0.6
-0.75258 0.0 -0.6585
-0.70789 0.0 0.80902
-0.76014 0.0 0.76014
-0.8162 0.0 0.6996
-0.87476 0.0 0.62483
-0.93336 0.0 0.53335
-0.98808 0.0 0.42346
-1.03364 0.0 0.29533
-1.0642 0.0 0.15203
-1.075 0.0 -0.0
-1.0642 0.0 -0.15203
-1.03364 0.0 -0.29533
-0.98808 0.0 -0.42346
-0.93336 0.0 -0.53335
-0.87476 0.0 -0.62483
-0.8162 0.0 -0.6996
-0.76014 0.0 -0.76014
-0.69 0.0 0.92
-0.74841 0.0 0.87315
-0.81317 0.0 0.81317
-0.88345 0.0 0.73621
-0.95686 0.0 0.63791
-1.02859 0.0 0.5143
-1.09099 0.0 0.36366
-1.13435 0.0 0.18906
-1.15 0.0 -0.0
-1.13435 0.0 -0.18906
-1.09099 0.0 -0.36366
-1.02859 0.0 -0.5143
-0.95686 0.0 -0.63791
-0.88345 0.0 -0.73621
-0.81317 0.0 -0.81317
-0.74841 0.0 -0.87315
-0.64925 0.0 1.0388
-0.71202 0.0 0.99682
-0.78423 0.0 0.94107
-0.86621 0.0 0.86621
-0.95656 0.0 0.76525
-1.05043 0.0 0.63026
-1.13738 0.0 0.45495
-1.20121 0.0 0.24024
-1.225 0.0 -0.0
-1.20121 0.0 -0.24024
-1.13738 0.0 -0.45495
-1.05043 0.0 -0.63026
-0.95656 0.0 -0.76525
-0.86621 0.0 -0.86621
-0.78423 0.0 -0.94107
-0.71202 0.0 -0.99682
-0.58138 0.0 1.16276
-0.64498 0.0 1.12872
-0.72111 0.0 1.08167
-0.8121 0.0 1.01513
-0.91924 0.0 0.91924
-1.04 0.0 0.78
-1.16276 0.0 0.58138
-1.26119 0.0 0.3153
-1.3 0.0 -0.0
-1.26119 0.0 -0.3153
-1.16276 0.0 -0.58138
-1.04 0.0 -0.78
-0.91924 0.0 -0.91924
-0.8121 0.0 -1.01513
-0.72111 0.0 -1.08167
-0.64498 0.0 -1.12872
-0.48279 0.0 1.28745
-0.54164 0.0 1.26382
-0.61492 0.0 1.22984
-0.70743 0.0 1.17905
-0.825 0.0 1.1
-0.97227 0.0 0.97227
-1.14407 0.0 0.76271
-1.30444 0.0 0.43481
-1.375 0.0 -0.0
-1.30444 0.0 -0.43481
-1.14407 0.0 -0.76271
-0.97227 0.0 -0.97227
-0.825 0.0 -1.1
-0.70743 0.0 -1.17905
-0.61492 0.0 -1.22984
-0.54164 0.0 -1.26382
-0.35168 0.0 1.40671
-0.39835 0.0 1.39421
-0.45853 0.0 1.37559
-0.53852 0.0 1.34629
-0.64846 0.0 1.29692
-0.80432 0.0 1.20647
-1.0253 0.0 1.0253
-1.29692 0.0 0.64846
-1.45 0.0 -0.0
-1.29692 0.0 -0.64846
-1.0253 0.0 -1.0253
-0.80432 0.0 -1.20647
-0.64846 0.0 -1.29692
-0.53852 0.0 -1.34629
-0.45853 0.0 -1.37559
-0.39835 0.0 -1.39421
-0.18915 0.0 1.51322
-0.21567 0.0 1.50967
-0.25071 0.0 1.50425
-0.29908 0.0 1.49539
-0.36987 0.0 1.47947
-0.48225 0.0 1.44674
-0.682 0.0 1.364
-1.07834 0.0 1.07834
-1.525 0.0 -0.0
-1.07834 0.0 -1.07834
-0.682 0.0 -1.364
-0.48225 0.0 -1.44674
-0.36987 0.0 -1.47947
-0.29908 0.0 -1.49539
-0.25071 0.0 -1.50425
-0.21567 0.0 -1.50967
-0.0 0.0 1.6
-0.0 0.0 1.6
-0.0 0.0 1.6
-0.0 0.0 1.6
-0.0 0.0 1.6
-0.0 0.0 1.6
-0.0 0.0 1.6
-0.0 0.0 1.6
0.0 0.0 0.0
0.0 0.0 -1.6
0.0 0.0 -1.6
0.0 0.0 -1.6
0.0 0.0 -1.6
0.0 0.0 -1.6
0.0 0.0 -1.6
0.0 0.0 -1.6
0.20776 0.0 1.66207
0.23688 0.0 1.65817
0.27537 0.0 1.65221
0.32849 0.0 1.64247
0.40625 0.0 1.62499
0.52968 0.0 1.58904
0.74908 0.0 1.49817
1.1844 0.0 1.1844
1.675 0.0 0.0
1.1844 0.0 -1.1844
0.74908 0.0 -1.49817
0.52968 0.0 -1.58904
0.40625 0.0 -1.62499
0.32849 0.0 -1.64247
0.27537 0.0 -1.65221
0.23688 0.0 -1.65817
0.42444 0.0 1.69775
0.48076 0.0 1.68267
0.5534 0.0 1.6602
0.64993 0.0 1.62483
0.78262 0.0 1.56525
0.97073 0.0 1.45609
1.23744 0.0 1.23744
1.56525 0.0 0.78262
1.75 0.0 0.0
1.56525 0.0 -0.78262
1.23744 0.0 -1.23744
0.97073 0.0 -1.45609
0.78262 0.0 -1.56525
0.64993 0.0 -1.62483
0.5534 0.0 -1.6602
0.48076 0.0 -1.68267
0.6408 0.0 1.7088
0.7189 0.0 1.67744
0.81616 0.0 1.63233
0.93895 0.0 1.56492
1.095 0.0 1.46
1.29047 0.0 1.29047
1.51849 0.0 1.01233
1.73135 0.0 0.57712
1.825 0.0 0.0
1.73135 0.0 -0.57712
1.51849 0.0 -1.01233
1.29047 0.0 -1.29047
1.095 0.0 -1.46
0.93895 0.0 -1.56492
0.81616 0.0 -1.63233
0.7189 0.0 -1.67744
0.84971 0.0 1.69941
0.94266 0.0 1.64966
1.05393 0.0 1.5809
1.18692 0.0 1.48365
1.3435 0.0 1.3435
1.52 0.0 1.14
1.69941 0.0 0.84971
1.84327 0.0 0.46082
1.9 0.0 0.0
1.84327 0.0 -0.46082
1.69941 0.0 -0.84971
1.52 0.0 -1.14
1.3435 0.0 -1.3435
1.18692 0.0 -1.48365
1.05393 0.0 -1.5809
0.94266 0.0 -1.64966
1.04675 0.0 1.6748
1.14795 0.0 1.60712
1.26436 0.0 1.51724
1.39654 0.0 1.39654
1.54222 0.0 1.23377
1.69355 0.0 1.01613
1.83374 0.0 0.7335
1.93665 0.0 0.38733
1.975 0.0 0.0
1.93665 0.0 -0.38733
1.83374 0.0 -0.7335
1.69355 0.0 -1.01613
1.54222 0.0 -1.23377
1.39654 0.0 -1.39654
1.26436 0.0 -1.51724
1.14795 0.0 -1.60712
1.23 0.0 1.64
1.33412 0.0 1.55648
1.44957 0.0 1.44957
1.57485 0.0 1.31238
1.7057 0.0 1.13714
1.83358 0.0 0.91679
1.9448 0.0 0.64827
2.02211 0.0 0.33702
2.05 0.0 0.0
2.02211 0.0 -0.33702
1.9448 0.0 -0.64827
1.83358 0.0 -0.91679
1.7057 0.0 -1.13714
1.57485 0.0 -1.31238
1.44957 0.0 -1.44957
1.33412 0.0 -1.55648
1.39932 0.0 1.59923
1.5026 0.0 1.5026
1.61342 0.0 1.38293
1.72918 0.0 1.23513
1.84502 0.0 1.0543
1.95318 0.0 0.83708
2.04324 0.0 0.58378
2.10364 0.0 0.30052
2.125 0.0 0.0
2.10364 0.0 -0.30052
2.04324 0.0 -0.58378
1.95318 0.0 -0.83708
1.84502 0.0 -1.0543
1.72918 0.0 -1.23513
1.61342 0.0 -1.38293
1.5026 0.0 -1.5026
-0.70711 0.0 0.70711
-0.75258 0.0 0.6585
-0.8 0.0 0.6
-0.848 0.0 0.53
-0.89443 0.0 0.44721
-0.93633 0.0 0.35112
-0.97014 0.0 0.24254
-0.99228 0.0 0.12403
-1.0 0.0 -0.0
-0.99228 0.0 -0.12403
-0.97014 0.0 -0.24254
-0.93633 0.0 -0.35112
-0.89443 0.0 -0.44721
-0.848 0.0 -0.53
-0.8 0.0 -0.6
-0.75258 0.0 -0.6585
-0.70789 0.0 0.80902
-0.76014 0.0 0.76014
-0.8162 0.0 0.6996
-0.87476 0.0 0.62483
-0.93336 0.0 0.53335
-0.98808 0.0 0.42346
-1.03364 0.0 0.29533
-1.0642 0.0 0.15203
-1.075 0.0 -0.0
-1.0642 0.0 -0.15203
-1.03364 0.0 -0.29533
-0.98808 0.0 -0.42346
-0.93336 0.0 -0.53335
-0.87476 0.0 -0.62483
-0.8162 0.0 -0.6996
-0.76014 0.0 -0.76014
-0.69 0.0 0.92
-0.74841 0.0 0.87315
-0.81317 0.0 0.81317
-0.88345 0.0 0.73621
-0.95686 0.0 0.63791
-1.02859 0.0 0.5143
-1.09099 0.0 0.36366
-1.13435 0.0 0.18906
-1.15 0.0 -0.0
-1.13435 0.0 -0.18906
-1.09099 0.0 -0.36366
-1.02859 0.0 -0.5143
-0.95686 0.0 -0.63791
-0.88345 0.0 -0.73621
-0.81317 0.0 -0.81317
-0.74841 0.0 -0.87315
-0.64925 0.0 1.0388
-0.71202 0.0 0.99682
-0.78423 0.0 0.94107
-0.86621 0.0 0.86621
-0.95656 0.0 0.76525
-1.05043 0.0 0.63026
-1.13738 0.0 0.45495
-1.20121 0.0 0.24024
-1.225 0.0 -0.0
-1.20121 0.0 -0.24024
-1.13738 0.0 -0.45495
-1.05043 0.0 -0.63026
-0.95656 0.0 -0.76525
-0.86621 0.0 -0.86621
-0.78423 0.0 -0.94107
-0.71202 0.0 -0.99682
-0.58138 0.0 1.16276
-0.64498 0.0 1.12872
-0.72111 0.0 1.08167
-0.8121 0.0 1.01513
-0.91924 0.0 0.91924
-1.04 0.0 0.78
-1.16276 0.0 0.58138
-1.26119 0.0 0.3153
-1.3 0.0 -0.0
-1.26119 0.0 -0.3153
-1.16276 0.0 -0.58138
-1.04 0.0 -0.78
-0.91924 0.0 -0.91924
-0.8121 0.0 -1.01513
-0.72111 0.0 -1.08167
-0.64498 0.0 -1.12872
-0.48279 0.0 1.28745
-0.54164 0.0 1.26382
-0.61492 0.0 1.22984
-0.70743 0.0 1.17905
-0.825 0.0 1.1
-0.97227 0.0 0.97227
-1.14407 0.0 0.76271
-1.30444 0.0 0.43481
-1.375 0.0 -0.0
-1.30444 0.0 -0.43481
-1.14407 0.0 -0.76271
-0.97227 0.0 -0.97227
-0.825 0.0 -1.1
-0.70743 0.0 -1.17905
-0.61492 0.0 -1.22984
-0.54164 0.0 -1.26382
-0.35168 0.0 1.40671
-0.39835 0.0 1.39421
-0.45853 0.0 1.37559
-0.53852 0.0 1.34629
-0.64846 0.0 1.29692
-0.80432 0.0 1.20647
-1.0253 0.0 1.0253
-1.29692 0.0 0.64846
-1.45 0.0 -0.0
-1.29692 0.0 -0.64846
-1.0253 0.0 -1.0253
-0.80432 0.0 -1.20647
-0.64846 0.0 -1.29692
-0.53852 0.0 -1.34629
-0.45853 0.0 -1.37559
-0.39835 0.0 -1.39421
-0.18915 0.0 1.51322
-0.21567 0.0 1.50967
-0.25071 0.0 1.50425
-0.29908 0.0 1.49539
-0.36987 0.0 1.47947
-0.48225 0.0 1.44674
-0.682 0.0 1.364
-1.07834 0.0 1.07834
-1.525 0.0 -0.0
-1.07834 0.0 -1.07834
-0.682 0.0 -1.364
-0.48225 0.0 -1.44674
-0.36987 0.0 -1.47947
-0.29908 0.0 -1.49539
-0.25071 0.0 -1.50425
-0.21567 0.0 -1.50967
-0.0 0.0 1.6
-0.0 0.0 1.6
-0.0 0.0 1.6
-0.0 0.0 1.6
-0.0 0.0 1.6
-0.0 0.0 1.6
-0.0 0.0 1.6
-0.0 0.0 1.6
0.0 0.0 0.0
0.0 0.0 -1.6
0.0 0.0 -1.6
0.0 0.0 -1.6
0.0 0.0 -1.6
0.0 0.0 -1.6
0.0 0.0 -1.6
0.0 0.0 -1.6
0.20776 0.0 1.66207
0.23688 0.0 1.65817
0.27537 0.0 1.65221
0.32849 0.0 1.64247
0.40625 0.0 1.62499
0.52968 0.0 1.58904
0.74908 0.0 1.49817
1.1844 0.0 1.1844
1.675 0.0 0.0
1.1844 0.0 -1.1844
0.74908 0.0 -1.49817
0.52968 0.0 -1.58904
0.40625 0.0 -1.62499
0.32849 0.0 -1.64247
0.27537 0.0 -1.65221
0.23688 0.0 -1.65817
0.42444 0.0 1.69775
0.48076 0.0 1.68267
0.5534 0.0 1.6602
0.64993 0.0 1.62483
0.78262 0.0 1.56525
0.97073 0.0 1.45609
1.23744 0.0 1.23744
1.56525 0.0 0.78262
1.75 0.0 0.0
1.56525 0.0 -0.78262
1.23744 0.0 -1.23744
0.97073 0.0 -1.45609
0.78262 0.0 -1.56525
0.64993 0.0 -1.62483
0.5534 0.0 -1.6602
0.48076 0.0 -1.68267
0.6408 0.0 1.7088
0.7189 0.0 1.67744
0.81616 0.0 1.63233
0.93895 0.0 1.56492
1.095 0.0 1.46
1.29047 0.0 1.29047
1.51849 0.0 1.01233
1.73135 0.0 0.57712
1.825 0.0 0.0
1.73135 0.0 -0.57712
1.51849 0.0 -1.01233
1.29047 0.0 -1.29047
1.095 0.0 -1.46
0.93895 0.0 -1.56492
0.81616 0.0 -1.63233
0.7189 0.0 -1.67744
0.84971 0.0 1.69941
0.94266 0.0 1.64966
1.05393 0.0 1.5809
1.18692 0.0 1.48365
1.3435 0.0 1.3435
1.52 0.0 1.14
1.69941 0.0 0.84971
1.84327 0.0 0.46082
1.9 0.0 0.0
1.84327 0.0 -0.46082
1.69941 0.0 -0.84971
1.52 0.0 -1.14
1.3435 0.0 -1.3435
1.18692 0.0 -1.48365
1.05393 0.0 -1.5809
0.94266 0.0 -1.64966
1.04675 0.0 1.6748
1.14795 0.0 1.60712
1.26436 0.0 1.51724
1.39654 0.0 1.39654
1.54222 0.0 1.23377
1.69355 0.0 1.01613
1.83374 0.0 0.7335
1.93665 0.0 0.38733
1.975 0.0 0.0
1.93665 0.0 -0.38733
1.83374 0.0 -0.7335
1.69355 0.0 -1.01613
1.54222 0.0 -1.23377
1.39654 0.0 -1.39654
1.26436 0.0 -1.51724
1.14795 0.0 -1.60712
1.23 0.0 1.64
1.33412 0.0 1.55648
1.44957 0.0 1.44957
1.57485 0.0 1.31238
1.7057 0.0 1.13714
1.83358 0.0 0.91679
1.9448 0.0 0.64827
2.02211 0.0 0.33702
2.05 0.0 0.0
2.02211 0.0 -0.33702
1.9448 0.0 -0.64827
1.83358 0.0 -0.91679
1.7057 0.0 -1.13714
1.57485 0.0 -1.31238
1.44957 0.0 -1.44957
1.33412 0.0 -1.55648
1.39932 0.0 1.59923
1.5026 0.0 1.5026
1.61342 0.0 1.38293
1.72918 0.0 1.23513
1.84502 0.0 1.0543
1.95318 0.0 0.83708
2.04324 0.0 0.58378
2.10364 0.0 0.30052
2.125 0.0 0.0
2.10364 0.0 -0.30052
2.04324 0.0 -0.58378
1.95318 0.0 -0.83708
1.84502 0.0 -1.0543
1.72918 0.0 -1.23513
1.61342 0.0 -1.38293
1.5026 0.0 -1.5026
-0.70711 0.0 0.70711
-0.75258 0.0 0.6585
-0.8 0.0 0.6
-0.848 0.0 0.53
-0.89443 0.0 0.44721
-0.93633 0.0 0.35112
-0.97014 0.0 0.24254
-0.99228 0.0 0.12403
-1.0 0.0 -0.0
-0.99228 0.0 -0.12403
-0.97014 0.0 -0.24254
-0.93633 0.0 -0.35112
-0.89443 0.0 -0.44721
-0.848 0.0 -0.53
-0.8 0.0 -0.6
-0.75258 0.0 -0.6585
-0.70789 0.0 0.80902
-0.76014 0.0 0.76014
-0.8162 0.0 0.6996
-0.87476 0.0 0.62483
-0.93336 0.0 0.53335
-0.98808 0.0 0.42346
-1.03364 0.0 0.29533
-1.0642 0.0 0.15203
-1.075 0.0 -0.0
-1.0642 0.0 -0.15203
-1.03364 0.0 -0.29533
-0.98808 0.0 -0.42346
-0.93336 0.0 -0.53335
-0.87476 0.0 -0.62483
-0.8162 0.0 -0.6996
-0.76014 0.0 -0.76014
-0.69 0.0 0.92
-0.74841 0.0 0.87315
-0.81317 0.0 0.81317
-0.88345 0.0 0.73621
-0.95686 0.0 0.63791
-1.02859 0.0 0.5143
-1.09099 0.0 0.36366
-1.13435 0.0 0.18906
-1.15 0.0 -0.0
-1.13435 0.0 -0.18906
-1.09099 0.0 -0.36366
-1.02859 0.0 -0.5143
-0.95686 0.0 -0.63791
-0.88345 0.0 -0.73621
-0.81317 0.0 -0.81317
-0.74841 0.0 -0.87315
-0.64925 0.0 1.0388
-0.71202 0.0 0.99682
-0.78423 0.0 0.94107
-0.86621 0.0 0.86621
-0.95656 0.0 0.76525
-1.05043 0.0 0.63026
-1.13738 0.0 0.45495
-1.20121 0.0 0.24024
-1.225 0.0 -0.0
-1.20121 0.0 -0.24024
-1.13738 0.0 -0.45495
-1.05043 0.0 -0.63026
-0.95656 0.0 -0.76525
-0.86621 0.0 -0.86621
-0.78423 0.0 -0.94107
-0.71202 0.0 -0.99682
-0.58138 0.0 1.16276
-0.64498 0.0 1.12872
-0.72111 0.0 1.08167
-0.8121 0.0 1.01513
-0.91924 0.0 0.91924
-1.04 0.0 0.78
-1.16276 0.0 0.58138
-1.26119 0.0 0.3153
-1.3 0.0 -0.0
-1.26119 0.0 -0.3153
-1.16276 0.0 -0.58138
-1.04 0.0 -0.78
-0.91924 0.0 -0.91924
-0.8121 0.0 -1.01513
-0.72111 0.0 -1.08167
-0.64498 0.0 -1.12872
-0.48279 0.0 1.28745
-0.54164 0.0 1.26382
-0.61492 0.0 1.22984
-0.70743 0.0 1.17905
-0.825 0.0 1.1
-0.97227 0.0 0.97227
-1.14407 0.0 0.76271
-1.30444 0.0 0.43481
-1.375 0.0 -0.0
-1.30444 0.0 -0.43481
-1.14407 0.0 -0.76271
-0.97227 0.0 -0.97227
-0.825 0.0 -1.1
-0.70743 0.0 -1.17905
-0.61492 0.0 -1.22984
-0.54164 0.0 -1.26382
-0.35168 0.0 1.40671
-0.39835 0.0 1.39421
-0.45853 0.0 1.37559
-0.53852 0.0 1.34629
-0.64846 0.0 1.29692
-0.80432 0.0 1.20647
-1.0253 0.0 1.0253
-1.29692 0.0 0.64846
-1.45 0.0 -0.0
-1.29692 0.0 -0.64846
-1.0253 0.0 -1.0253
-0.80432 0.0 -1.20647
-0.64846 0.0 -1.29692
-0.53852 0.0 -1.34629
-0.45853 0.0 -1.37559
-0.39835 0.0 -1.39421
-0.18915 0.0 1.51322
-0.21567 0.0 1.50967
-0.25071 0.0 1.50425
-0.29908 0.0 1.49539
-0.36987 0.0 1.47947
-0.48225 0.0 1.44674
-0.682 0.0 1.364
-1.07834 0.0 1.07834
-1.525 0.0 -0.0
-1.07834 0.0 -1.07834
-0.682 0.0 -1.364
-0.48225 0.0 -1.44674
-0.36987 0.0 -1.47947
-0.29908 0.0 -1.49539
-0.25071 0.0 -1.50425
-0.21567 0.0 -1.50967
-0.0 0.0 1.6
-0.0 0.0 1.6
-0.0 0.0 1.6
-0.0 0.0 1.6
-0.0 0.0 1.6
-0.0 0.0 1.6
-0.0 0.0 1.6
-0.0 0.0 1.6
0.0 0.0 0.0
0.0 0.0 -1.6
0.0 0.0 -1.6
0.0 0.0 -1.6
0.0 0.0 -1.6
0.0 0.0 -1.6
0.0 0.0 -1.6
0.0 0.0 -1.6
0.20776 0.0 1.66207
0.23688 0.0 1.65817
0.27537 0.0 1.65221
0.32849 0.0 1.64247
0.40625 0.0 1.62499
0.52968 0.0 1.58904
0.74908 0.0 1.49817
1.1844 0.0 1.1844
1.675 0.0 0.0
1.1844 0.0 -1.1844
0.74908 0.0 -1.49817
0.52968 0.0 -1.58904
0.40625 0.0 -1.62499
0.32849 0.0 -1.64247
0.27537 0.0 -1.65221
0.23688 0.0 -1.65817
0.42444 0.0 1.69775
0.48076 0.0 1.68267
0.5534 0.0 1.6602
0.64993 0.0 1.62483
0.78262 0.0 1.56525
0.97073 0.0 1.45609
1.23744 0.0 1.23744
1.56525 0.0 0.78262
1.75 0.0 0.0
1.56525 0.0 -0.78262
1.23744 0.0 -1.23744
0.97073 0.0 -1.45609
0.78262 0.0 -1.56525
0.64993 0.0 -1.62483
0.5534 0.0 -1.6602
0.48076 0.0 -1.68267
0.6408 0.0 1.7088
0.7189 0.0 1.67744
0.81616 0.0 1.63233
0.93895 0.0 1.56492
1.095 0.0 1.46
1.29047 0.0 1.29047
1.51849 0.0 1.01233
1.73135 0.0 0.57712
1.825 0.0 0.0
1.73135 0.0 -0.57712
1.51849 0.0 -1.01233
1.29047 0.0 -1.29047
1.095 0.0 -1.46
0.93895 0.0 -1.56492
0.81616 0.0 -1.63233
0.7189 0.0 -1.67744
0.84971 0.0 1.69941
0.94266 0.0 1.64966
1.05393 0.0 1.5809
1.18692 0.0 1.48365
1.3435 0.0 1.3435
1.52 0.0 1.14
1.69941 0.0 0.84971
1.84327 0.0 0.46082
1.9 0.0 0.0
1.84327 0.0 -0.46082
1.69941 0.0 -0.84971
1.52 0.0 -1.14
1.3435 0.0 -1.3435
1.18692 0.0 -1.48365
1.05393 0.0 -1.5809
0.94266 0.0 -1.64966
1.04675 0.0 1.6748
1.14795 0.0 1.60712
1.26436 0.0 1.51724
1.39654 0.0 1.39654
1.54222 0.0 1.23377
1.69355 0.0 1.01613
1.83374 0.0 0.7335
1.93665 0.0 0.38733
1.975 0.0 0.0
1.93665 0.0 -0.38733
1.83374 0.0 -0.7335
1.69355 0.0 -1.01613
1.54222 0.0 -1.23377
1.39654 0.0 -1.39654
1.26436 0.0 -1.51724
1.14795 0.0 -1.60712
1.23 0.0 1.64
1.33412 0.0 1.55648
1.44957 0.0 1.44957
1.57485 0.0 1.31238
1.7057 0.0 1.13714
1.83358 0.0 0.91679
1.9448 0.0 0.64827
2.02211 0.0 0.33702
2.05 0.0 0.0
2.02211 0.0 -0.33702
1.9448 0.0 -0.64827
1.83358 0.0 -0.91679
1.7057 0.0 -1.13714
1.57485 0.0 -1.31238
1.44957 0.0 -1.44957
1.33412 0.0 -1.55648
1.39932 0.0 1.59923
1.5026 0.0 1.5026
1.61342 0.0 1.38293
1.72918 0.0 1.23513
1.84502 0.0 1.0543
1.95318 0.0 0.83708
2.04324 0.0 0.58378
2.10364 0.0 0.30052
2.125 0.0 0.0
2.10364 0.0 -0.30052
2.04324 0.0 -0.58378
1.95318 0.0 -0.83708
1.84502 0.0 -1.0543
1.72918 0.0 -1.23513
1.61342 0.0 -1.38293
1.5026 0.0 -1.5026
-0.70711 0.0 0.70711
-0.75258 0.0 0.6585
-0.8 0.0 0.6
-0.848 0.0 0.53
-0.89443 0.0 0.44721
-0.93633 0.0 0.35112
-0.97014 0.0 0.24254
-0.99228 0.0 0.12403
-1.0 0.0 -0.0
-0.99228 0.0 -0.12403
-0.97014 0.0 -0.24254
-0.93633 0.0 -0.35112
-0.89443 0.0 -0.44721
-0.848 0.0 -0.53
-0.8 0.0 -0.6
-0.75258 0.0 -0.6585
-0.70789 0.0 0.80902
-0.76014 0.0 0.76014
-0.8162 0.0 0.6996
-0.87476 0.0 0.62483
-0.93336 0.0 0.53335
-0.98808 0.0 0.42346
-1.03364 0.0 0.29533
-1.0642 0.0 0.15203
-1.075 0.0 -0.0
-1.0642 0.0 -0.15203
-1.03364 0.0 -0.29533
-0.98808 0.0 -0.42346
-0.93336 0.0 -0.53335
-0.87476 0.0 -0.62483
-0.8162 0.0 -0.6996
-0.76014 0.0 -0.76014
-0.69 0.0 0.92
-0.74841 0.0 0.87315
-0.81317 0.0 0.81317
-0.88345 0.0 0.73621
-0.95686 0.0 0.63791
-1.02859 0.0 0.5143
-1.09099 0.0 0.36366
-1.13435 0.0 0.18906
-1.15 0.0 -0.0
-1.13435 0.0 -0.18906
-1.09099 0.0 -0.36366
-1.02859 0.0 -0.5143
-0.95686 0.0 -0.63791
-0.88345 0.0 -0.73621
-0.81317 0.0 -0.81317
-0.74841 0.0 -0.87315
-0.64925 0.0 1.0388
-0.71202 0.0 0.99682
-0.78423 0.0 0.94107
-0.86621 0.0 0.86621
-0.95656 0.0 0.76525
-1.05043 0.0 0.63026
-1.13738 0.0 0.45495
-1.20121 0.0 0.24024
-1.225 0.0 -0.0
-1.20121 0.0 -0.24024
-1.13738 0.0 -0.45495
-1.05043 0.0 -0.63026
-0.95656 0.0 -0.76525
-0.86621 0.0 -0.86621
-0.78423 0.0 -0.94107
-0.71202 0.0 -0.99682
-0.58138 0.0 1.16276
-0.64498 0.0 1.12872
-0.72111 0.0 1.08167
-0.8121 0.0 1.01513
-0.91924 0.0 0.91924
-1.04 0.0 0.78
-1.16276 0.0 0.58138
-1.26119 0.0 0.3153
-1.3 0.0 -0.0
-1.26119 0.0 -0.3153
-1.16276 0.0 -0.58138
-1.04 0.0 -0.78
-0.91924 0.0 -0.91924
-0.8121 0.0 -1.01513
-0.72111 0.0 -1.08167
-0.64498 0.0 -1.12872
-0.48279 0.0 1.28745
-0.54164 0.0 1.26382
-0.61492 0.0 1.22984
-0.70743 0.0 1.17905
-0.825 0.0 1.1
-0.97227 0.0 0.97227
-1.14407 0.0 0.76271
-1.30444 0.0 0.43481
-1.375 0.0 -0.0
-1.30444 0.0 -0.43481
-1.14407 0.0 -0.76271
-0.97227 0.0 -0.97227
-0.825 0.0 -1.1
-0.70743 0.0 -1.17905
-0.61492 0.0 -1.22984
-0.54164 0.0 -1.26382
-0.35168 0.0 1.40671
-0.39835 0.0 1.39421
-0.45853 0.0 1.37559
-0.53852 0.0 1.34629
-0.64846 0.0 1.29692
-0.80432 0.0 1.20647
-1.0253 0.0 1.0253
-1.29692 0.0 0.64846
-1.45 0.0 -0.0
-1.29692 0.0 -0.64846
-1.0253 0.0 -1.0253
-0.80432 0.0 -1.20647
-0.64846 0.0 -1.29692
-0.53852 0.0 -1.34629
-0.45853 0.0 -1.37559
-0.39835 0.0 -1.39421
-0.18915 0.0 1.51322
-0.21567 0.0 1.50967
-0.25071 0.0 1.50425
-0.29908 0.0 1.49539
-0.36987 0.0 1.47947
-0.48225 0.0 1.44674
-0.682 0.0 1.364
-1.07834 0.0 1.07834
-1.525 0.0 -0.0
-1.07834 0.0 -1.07834
-0.682 0.0 -1.364
-0.48225 0.0 -1.44674
-0.36987 0.0 -1.47947
-0.29908 0.0 -1.49539
-0.25071 0.0 -1.50425
-0.21567 0.0 -1.50967
-0.0 0.0 1.6
-0.0 0.0 1.6
-0.0 0.0 1.6
-0.0 0.0 1.6
-0.0 0.0 1.6
-0.0 0.0 1.6
-0.0 0.0 1.6
-0.0 0.0 1.6
0.0 0.0 0.0
0.0 0.0 -1.6
0.0 0.0 -1.6
0.0 0.0 -1.6
0.0 0.0 -1.6
0.0 0.0 -1.6
0.0 0.0 -1.6
0.0 0.0 -1.6
0.20776 0.0 1.66207
0.23688 0.0 1.65817
0.27537 0.0 1.65221
0.32849 0.0 1.64247
0.40625 0.0 1.62499
0.52968 0.0 1.58904
0.74908 0.0 1.49817
1.1844 0.0 1.1844
1.675 0.0 0.0
1.1844 0.0 -1.1844
0.74908 0.0 -1.49817
0.52968 0.0 -1.58904
0.40625 0.0 -1.62499
0.32849 0.0 -1.64247
0.27537 0.0 -1.65221
0.23688 0.0 -1.65817
0.42444 0.0 1.69775
0.48076 0.0 1.68267
0.5534 0.0 1.6602
0.64993 0.0 1.62483
0.78262 0.0 1.56525
0.97073 0.0 1.45609
1.23744 0.0 1.23744
1.56525 0.0 0.78262
1.75 0.0 0.0
1.56525 0.0 -0.78262
1.23744 0.0 -1.23744
0.97073 0.0 -1.45609
0.78262 0.0 -1.56525
0.64993 0.0 -1.62483
0.5534 0.0 -1.6602
0.48076 0.0 -1.68267
0.6408 0.0 1.7088
0.7189 0.0 1.67744
0.81616 0.0 1.63233
0.93895 0.0 1.56492
1.095 0.0 1.46
1.29047 0.0 1.29047
1.51849 0.0 1.01233
1.73135 0.0 0.57712
1.825 0.0 0.0
1.73135 0.0 -0.57712
1.51849 0.0 -1.01233
1.29047 0.0 -1.29047
1.095 0.0 -1.46
0.93895 0.0 -1.56492
0.81616 0.0 -1.63233
0.7189 0.0 -1.67744
0.84971 0.0 1.69941
0.94266 0.0 1.64966
1.05393 0.0 1.5809
1.18692 0.0 1.48365
1.3435 0.0 1.3435
1.52 0.0 1.14
1.69941 0.0 0.84971
1.84327 0.0 0.46082
1.9 0.0 0.0
1.84327 0.0 -0.46082
1.69941 0.0 -0.84971
1.52 0.0 -1.14
1.3435 0.0 -1.3435
1.18692 0.0 -1.48365
1.05393 0.0 -1.5809
0.94266 0.0 -1.64966
1.04675 0.0 1.6748
1.14795 0.0 1.60712
1.26436 0.0 1.51724
1.39654 0.0 1.39654
1.54222 0.0 1.23377
1.69355 0.0 1.01613
1.83374 0.0 0.7335
1.93665 0.0 0.38733
1.975 0.0 0.0
1.93665 0.0 -0.38733
1.83374 0.0 -0.7335
1.69355 0.0 -1.01613
1.54222 0.0 -1.23377
1.39654 0.0 -1.39654
1.26436 0.0 -1.51724
1.14795 0.0 -1.60712
1.23 0.0 1.64
1.33412 0.0 1.55648
1.44957 0.0 1.44957
1.57485 0.0 1.31238
1.7057 0.0 1.13714
1.83358 0.0 0.91679
1.9448 0.0 0.64827
2.02211 0.0 0.33702
2.05 0.0 0.0
2.02211 0.0 -0.33702
1.9448 0.0 -0.64827
1.83358 0.0 -0.91679
1.7057 0.0 -1.13714
1.57485 0.0 -1.31238
1.44957 0.0 -1.44957
1.33412 0.0 -1.55648
1.39932 0.0 1.59923
1.5026 0.0 1.5026
1.61342 0.0 1.38293
1.72918 0.0 1.23513
1.84502 0.0 1.0543
1.95318 0.0 0.83708
2.04324 0.0 0.58378
2.10364 0.0 0.30052
2.125 0.0 0.0
2.10364 0.0 -0.30052
2.04324 0.0 -0.58378
1.95318 0.0 -0.83708
1.84502 0.0 -1.0543
1.72918 0.0 -1.23513
1.61342 0.0 -1.38293
1.5026 0.0 -1.5026
-0.70711 0.0 0.70711
-0.75258 0.0 0.6585
-0.8 0.0 0.6
-0.848 0.0 0.53
-0.89443 0.0 0.44721
-0.93633 0.0 0.35112
-0.97014 0.0 0.24254
-0.99228 0.0 0.12403
-1.0 0.0 -0.0
-0.99228 0.0 -0.12403
-0.97014 0.0 -0.24254
-0.93633 0.0 -0.35112
-0.89443 0.0 -0.44721
-0.848 0.0 -0.53
-0.8 0.0 -0.6
-0.75258 0.0 -0.6585
-0.70789 0.0 0.80902
-0.76014 0.0 0.76014
-0.8162 0.0 0.6996
-0.87476 0.0 0.62483
-0.93336 0.0 0.53335
-0.98808 0.0 0.42346
-1.03364 0.0 0.29533
-1.0642 0.0 0.15203
-1.075 0.0 -0.0
-1.0642 0.0 -0.15203
-1.03364 0.0 -0.29533
-0.98808 0.0 -0.42346
-0.93336 0.0 -0.53335
-0.87476 0.0 -0.62483
-0.8162 0.0 -0.6996
-0.76014 0.0 -0.76014
-0.69 0.0 0.92
-0.74841 0.0 0.87315
-0.81317 0.0 0.81317
-0.88345 0.0 0.73621
-0.95686 0.0 0.63791
-1.02859 0.0 0.5143
-1.09099 0.0 0.36366
-1.13435 0.0 0.18906
-1.15 0.0 -0.0
-1.13435 0.0 -0.18906
-1.09099 0.0 -0.36366
-1.02859 0.0 -0.5143
-0.95686 0.0 -0.63791
-0.88345 0.0 -0.73621
-0.81317 0.0 -0.81317
-0.74841 0.0 -0.87315
-0.64925 0.0 1.0388
-0.71202 0.0 0.99682
-0.78423 0.0 0.94107
-0.86621 0.0 0.86621
-0.95656 0.0 0.76525
-1.05043 0.0 0.63026
-1.13738 0.0 0.45495
-1.20121 0.0 0.24024
-1.225 0.0 -0.0
-1.20121 0.0 -0.24024
-1.13738 0.0 -0.45495
-1.05043 0.0 -0.63026
-0.95656 0.0 -0.76525
-0.86621 0.0 -0.86621
-0.78423 0.0 -0.94107
-0.71202 0.0 -0.99682
-0.58138 0.0 1.16276
-0.64498 0.0 1.12872
-0.72111 0.0 1.08167
-0.8121 0.0 1.01513
-0.91924 0.0 0.91924
-1.04 0.0 0.78
-1.16276 0.0 0.58138
-1.26119 0.0 0.3153
-1.3 0.0 -0.0
-1.26119 0.0 -0.3153
-1.16276 0.0 -0.58138
-1.04 0.0 -0.78
-0.91924 0.0 -0.91924
-0.8121 0.0 -1.01513
-0.72111 0.0 -1.08167
-0.64498 0.0 -1.12872
-0.48279 0.0 1.28745
-0.54164 0.0 1.26382
-0.61492 0.0 1.22984
-0.70743 0.0 1.17905
-0.825 0.0 1.1
-0.97227 0.0 0.97227
-1.14407 0.0 0.76271
-1.30444 0.0 0.43481
-1.375 0.0 -0.0
-1.30444 0.0 -0.43481
-1.14407 0.0 -0.76271
-0.97227 0.0 -0.97227
-0.825 0.0 -1.1
-0.70743 0.0 -1.17905
-0.61492 0.0 -1.22984
-0.54164 0.0 -1.26382
-0.35168 0.0 1.40671
-0.39835 0.0 1.39421
-0.45853 0.0 1.37559
-0.53852 0.0 1.34629
-0.64846 0.0 1.29692
-0.80432 0.0 1.20647
-1.0253 0.0 1.0253
-1.29692 0.0 0.64846
-1.45 0.0 -0.0
-1.29692 0.0 -0.64846
-1.0253 0.0 -1.0253
-0.80432 0.0 -1.20647
-0.64846 0.0 -1.29692
-0.53852 0.0 -1.34629
-0.45853 0.0 -1.37559
-0.39835 0.0 -1.39421
-0.18915 0.0 1.51322
-0.21567 0.0 1.50967
-0.25071 0.0 1.50425
-0.29908 0.0 1.49539
-0.36987 0.0 1.47947
-0.48225 0.0 1.44674
-0.682 0.0 1.364
-1.07834 0.0 1.07834
-1.525 0.0 -0.0
-1.07834 0.0 -1.07834
-0.682 0.0 -1.364
-0.48225 0.0 -1.44674
-0.36987 0.0 -1.47947
-0.29908 0.0 -1.49539
-0.25071 0.0 -1.50425
-0.21567 0.0 -1.50967
-0.0 0.0 1.6
-0.0 0.0 1.6
-0.0 0.0 1.6
-0.0 0.0 1.6
-0.0 0.0 1.6
-0.0 0.0 1.6
-0.0 0.0 1.6
-0.0 0.0 1.6
0.0 0.0 0.0
0.0 0.0 -1.6
0.0 0.0 -1.6
0.0 0.0 -1.6
0.0 0.0 -1.6
0.0 0.0 -1.6
0.0 0.0 -1.6
0.0 0.0 -1.6
0.20776 0.0 1.66207
0.23688 0.0 1.65817
0.27537 0.0 1.65221
0.32849 0.0 1.64247
0.40625 0.0 1.62499
0.52968 0.0 1.58904
0.74908 0.0 1.49817
1.1844 0.0 1.1844
1.675 0.0 0.0
1.1844 0.0 -1.1844
0.74908 0.0 -1.49817
0.52968 0.0 -1.58904
0.40625 0.0 -1.62499
0.32849 0.0 -1.64247
0.27537 0.0 -1.65221
0.23688 0.0 -1.65817
0.42444 0.0 1.69775
0.48076 0.0 1.68267
0.5534 0.0 1.6602
0.64993 0.0 1.62483
0.78262 0.0 1.56525
0.97073 0.0 1.45609
1.23744 0.0 1.23744
1.56525 0.0 0.78262
1.75 0.0 0.0
1.56525 0.0 -0.78262
1.23744 0.0 -1.23744
0.97073 0.0 -1.45609
0.78262 0.0 -1.56525
0.64993 0.0 -1.62483
0.5534 0.0 -1.6602
0.48076 0.0 -1.68267
0.6408 0.0 1.7088
0.7189 0.0 1.67744
0.81616 0.0 1.63233
0.93895 0.0 1.56492
1.095 0.0 1.46
1.29047 0.0 1.29047
1.51849 0.0 1.01233
1.73135 0.0 0.57712
1.825 0.0 0.0
1.73135 0.0 -0.57712
1.51849 0.0 -1.01233
1.29047 0.0 -1.29047
1.095 0.0 -1.46
0.93895 0.0 -1.56492
0.81616 0.0 -1.63233
0.7189 0.0 -1.67744
0.84971 0.0 1.69941
0.94266 0.0 1.64966
1.05393 0.0 1.5809
1.18692 0.0 1.48365
1.3435 0.0 1.3435
1.52 0.0 1.14
1.69941 0.0 0.84971
1.84327 0.0 0.46082
1.9 0.0 0.0
1.84327 0.0 -0.46082
1.69941 0.0 -0.84971
1.52 0.0 -1.14
1.3435 0.0 -1.3435
1.18692 0.0 -1.48365
1.05393 0.0 -1.5809
0.94266 0.0 -1.64966
1.04675 0.0 1.6748
1.14795 0.0 1.60712
1.26436 0.0 1.51724
1.39654 0.0 1.39654
1.54222 0.0 1.23377
1.69355 0.0 1.01613
1.83374 0.0 0.7335
1.93665 0.0 0.38733
1.975 0.0 0.0
1.93665 0.0 -0.38733
1.83374 0.0 -0.7335
1.69355 0.0 -1.01613
1.54222 0.0 -1.23377
1.39654 0.0 -1.39654
1.26436 0.0 -1.51724
1.14795 0.0 -1.60712
1.23 0.0 1.64
1.33412 0.0 1.55648
1.44957 0.0 1.44957
1.57485 0.0 1.31238
1.7057 0.0 1.13714
1.83358 0.0 0.91679
1.9448 0.0 0.64827
2.02211 0.0 0.33702
2.05 0.0 0.0
2.02211 0.0 -0.33702
1.9448 0.0 -0.64827
1.83358 0.0 -0.91679
1.7057 0.0 -1.13714
1.57485 0.0 -1.31238
1.44957 0.0 -1.44957
1.33412 0.0 -1.55648
1.39932 0.0 1.59923
1.5026 0.0 1.5026
1.61342 0.0 1.38293
1.72918 0.0 1.23513
1.84502 0.0 1.0543
1.95318 0.0 0.83708
2.04324 0.0 0.58378
2.10364 0.0 0.30052
2.125 0.0 0.0
2.10364 0.0 -0.30052
2.04324 0.0 -0.58378
1.95318 0.0 -0.83708
1.84502 0.0 -1.0543
1.72918 0.0 -1.23513
1.61342 0.0 -1.38293
1.5026 0.0 -1.5026
-0.70711 0.0 0.70711
-0.75258 0.0 0.6585
-0.8 0.0 0.6
-0.848 0.0 0.53
-0.89443 0.0 0.44721
-0.93633 0.0 0.35112
-0.97014 0.0 0.24254
-0.99228 0.0 0.12403
-1.0 0.0 -0.0
-0.99228 0.0 -0.12403
-0.97014 0.0 -0.24254
-0.93633 0.0 -0.35112
-0.89443 0.0 -0.44721
-0.848 0.0 -0.53
-0.8 0.0 -0.6
-0.75258 0.0 -0.6585
-0.70789 0.0 0.80902
-0.76014 0.0 0.76014
-0.8162 0.0 0.6996
-0.87476 0.0 0.62483
-0.93336 0.0 0.53335
-0.98808 0.0 0.42346
-1.03364 0.0 0.29533
-1.0642 0.0 0.15203
-1.075 0.0 -0.0
-1.0642 0.0 -0.15203
-1.03364 0.0 -0.29533
-0.98808 0.0 -0.42346
-0.93336 0.0 -0.53335
-0.87476 0.0 -0.62483
-0.8162 0.0 -0.6996
-0.76014 0.0 -0.76014
-0.69 0.0 0.92
-0.74841 0.0 0.87315
-0.81317 0.0 0.81317
-0.88345 0.0 0.73621
-0.95686 0.0 0.63791
-1.02859 0.0 0.5143
-1.09099 0.0 0.36366
-1.13435 0.0 0.18906
-1.15 0.0 -0.0
-1.13435 0.0 -0.18906
-1.09099 0.0 -0.36366
-1.02859 0.0 -0.5143
-0.95686 0.0 -0.63791
-0.88345 0.0 -0.73621
-0.81317 0.0 -0.81317
-0.74841 0.0 -0.87315
-0.64925 0.0 1.0388
-0.71202 0.0 0.99682
-0.78423 0.0 0.94107
-0.86621 0.0 0.86621
-0.95656 0.0 0.76525
-1.05043 0.0 0.63026
-1.13738 0.0 0.45495
-1.20121 0.0 0.24024
-1.225 0.0 -0.0
-1.20121 0.0 -0.24024
-1.13738 0.0 -0.45495
-1.05043 0.0 -0.63026
-0.95656 0.0 -0.76525
-0.86621 0.0 -0.86621
-0.78423 0.0 -0.94107
-0.71202 0.0 -0.99682
-0.58138 0.0 1.16276
-0.64498 0.0 1.12872
-0.72111 0.0 1.08167
-0.8121 0.0 1.01513
-0.91924 0.0 0.91924
-1.04 0.0 0.78
-1.16276 0.0 0.58138
-1.26119 0.0 0.3153
-1.3 0.0 -0.0
-1.26119 0.0 -0.3153
-1.16276 0.0 -0.58138
-1.04 0.0 -0.78
-0.91924 0.0 -0.91924
-0.8121 0.0 -1.01513
-0.72111 0.0 -1.08167
-0.64498 0.0 -1.12872
-0.48279 0.0 1.28745
-0.54164 0.0 1.26382
-0.61492 0.0 1.22984
-0.70743 0.0 1.17905
-0.825 0.0 1.1
-0.97227 0.0 0.97227
-1.14407 0.0 0.76271
-1.30444 0.0 0.43481
-1.375 0.0 -0.0
-1.30444 0.0 -0.43481
-1.14407 0.0 -0.76271
-0.97227 0.0 -0.97227
-0.825 0.0 -1.1
-0.70743 0.0 -1.17905
-0.61492 0.0 -1.22984
-0.54164 0.0 -1.26382
-0.35168 0.0 1.40671
-0.39835 0.0 1.39421
-0.45853 0.0 1.37559
-0.53852 0.0 1.34629
-0.64846 0.0 1.29692
-0.80432 0.0 1.20647
-1.0253 0.0 1.0253
-1.29692 0.0 0.64846
-1.45 0.0 -0.0
-1.29692 0.0 -0.64846
-1.0253 0.0 -1.0253
-0.80432 0.0 -1.20647
-0.64846 0.0 -1.29692
-0.53852 0.0 -1.34629
-0.45853 0.0 -1.37559
-0.39835 0.0 -1.39421
-0.18915 0.0 1.51322
-0.21567 0.0 1.50967
-0.25071 0.0 1.50425
-0.29908 0.0 1.49539
-0.36987 0.0 1.47947
-0.48225 0.0 1.44674
-0.682 0.0 1.364
-1.07834 0.0 1.07834
-1.525 0.0 -0.0
-1.07834 0.0 -1.07834
-0.682 0.0 -1.364
-0.48225 0.0 -1.44674
-0.36987 0.0 -1.47947
-0.29908 0.0 -1.49539
-0.25071 0.0 -1.50425
-0.21567 0.0 -1.50967
-0.0 0.0 1.6
-0.0 0.0 1.6
-0.0 0.0 1.6
-0.0 0.0 1.6
-0.0 0.0 1.6
-0.0 0.0 1.6
-0.0 0.0 1.6
-0.0 0.0 1.6
0.0 0.0 0.0
0.0 0.0 -1.6
0.0 0.0 -1.6
0.0 0.0 -1.6
0.0 0.0 -1.6
0.0 0.0 -1.6
0.0 0.0 -1.6
0.0 0.0 -1.6
0.20776 0.0 1.66207
0.23688 0.0 1.65817
0.27537 0.0 1.65221
0.32849 0.0 1.64247
0.40625 0.0 1.62499
0.52968 0.0 1.58904
0.74908 0.0 1.49817
1.1844 0.0 1.1844
1.675 0.0 0.0
1.1844 0.0 -1.1844
0.74908 0.0 -1.49817
0.52968 0.0 -1.58904
0.40625 0.0 -1.62499
0.32849 0.0 -1.64247
0.27537 0.0 -1.65221
0.23688 0.0 -1.65817
0.42444 0.0 1.69775
0.48076 0.0 1.68267
0.5534 0.0 1.6602
0.64993 0.0 1.62483
0.78262 0.0 1.56525
0.97073 0.0 1.45609
1.23744 0.0 1.23744
1.56525 0.0 0.78262
1.75 0.0 0.0
1.56525 0.0 -0.78262
1.23744 0.0 -1.23744
0.97073 0.0 -1.45609
0.78262 0.0 -1.56525
0.64993 0.0 -1.62483
0.5534 0.0 -1.6602
0.48076 0.0 -1.68267
0.6408 0.0 1.7088
0.7189 0.0 1.67744
0.81616 0.0 1.63233
0.93895 0.0 1.56492
1.095 0.0 1.46
1.29047 0.0 1.29047
1.51849 0.0 1.01233
1.73135 0.0 0.57712
1.825 0.0 0.0
1.73135 0.0 -0.57712
1.51849 0.0 -1.01233
1.29047 0.0 -1.29047
1.095 0.0 -1.46
0.93895 0.0 -1.56492
0.81616 0.0 -1.63233
0.7189 0.0 -1.67744
0.84971 0.0 1.69941
0.94266 0.0 1.64966
1.05393 0.0 1.5809
1.18692 0.0 1.48365
1.3435 0.0 1.3435
1.52 0.0 1.14
1.69941 0.0 0.84971
1.84327 0.0 0.46082
1.9 0.0 0.0
1.84327 0.0 -0.46082
1.69941 0.0 -0.84971
1.52 0.0 -1.14
1.3435 0.0 -1.3435
1.18692 0.0 -1.48365
1.05393 0.0 -1.5809
0.94266 0.0 -1.64966
1.04675 0.0 1.6748
1.14795 0.0 1.60712
1.26436 0.0 1.51724
1.39654 0.0 1.39654
1.54222 0.0 1.23377
1.69355 0.0 1.01613
1.83374 0.0 0.7335
1.93665 0.0 0.38733
1.975 0.0 0.0
1.93665 0.0 -0.38733
1.83374 0.0 -0.7335
1.69355 0.0 -1.01613
1.54222 0.0 -1.23377
1.39654 0.0 -1.39654
1.26436 0.0 -1.51724
1.14795 0.0 -1.60712
1.23 0.0 1.64
1.33412 0.0 1.55648
1.44957 0.0 1.44957
1.57485 0.0 1.31238
1.7057 0.0 1.13714
1.83358 0.0 0.91679
1.9448 0.0 0.64827
2.02211 0.0 0.33702
2.05 0.0 0.0
2.02211 0.0 -0.33702
1.9448 0.0 -0.64827
1.83358 0.0 -0.91679
1.7057 0.0 -1.13714
1.57485 0.0 -1.31238
1.44957 0.0 -1.44957
1.33412 0.0 -1.55648
1.39932 0.0 1.59923
1.5026 0.0 1.5026
1.61342 0.0 1.38293
1.72918 0.0 1.23513
1.84502 0.0 1.0543
1.95318 0.0 0.83708
2.04324 0.0 0.58378
2.10364 0.0 0.30052
2.125 0.0 0.0
2.10364 0.0 -0.30052
2.04324 0.0 -0.58378
1.95318 0.0 -0.83708
1.84502 0.0 -1.0543
1.72918 0.0 -1.23513
1.61342 0.0 -1.38293
1.5026 0.0 -1.5026
-0.70711 0.0 0.70711
-0.75258 0.0 0.6585
-0.8 0.0 0.6
-0.848 0.0 0.53
-0.89443 0.0 0.44721
-0.93633 0.0 0.35112
-0.97014 0.0 0.24254
-0.99228 0.0 0.12403
-1.0 0.0 -0.0
-0.99228 0.0 -0.12403
-0.97014 0.0 -0.24254
-0.93633 0.0 -0.35112
-0.89443 0.0 -0.44721
-0.848 0.0 -0.53
-0.8 0.0 -0.6
-0.75258 0.0 -0.6585
-0.70789 0.0 0.80902
-0.76014 0.0 0.76014
-0.8162 0.0 0.6996
-0.87476 0.0 0.62483
-0.93336 0.0 0.53335
-0.98808 0.0 0.42346
-1.03364 0.0 0.29533
-1.0642 0.0 0.15203
-1.075 0.0 -0.0
-1.0642 0.0 -0.15203
-1.03364 0.0 -0.29533
-0.98808 0.0 -0.42346
-0.93336 0.0 -0.53335
-0.87476 0.0 -0.62483
-0.8162 0.0 -0.6996
-0.76014 0.0 -0.76014
-0.69 0.0 0.92
-0.74841 0.0 0.87315
-0.81317 0.0 0.81317
-0.88345 0.0 0.73621
-0.95686 0.0 0.63791
-1.02859 0.0 0.5143
-1.09099 0.0 0.36366
-1.13435 0.0 0.18906
-1.15 0.0 -0.0
-1.13435 0.0 -0.18906
-1.09099 0.0 -0.36366
-1.02859 0.0 -0.5143
-0.95686 0.0 -0.63791
-0.88345 0.0 -0.73621
-0.81317 0.0 -0.81317
-0.74841 0.0 -0.87315
-0.64925 0.0 1.0388
-0.71202 0.0 0.99682
-0.78423 0.0 0.94107
-0.86621 0.0 0.86621
-0.95656 0.0 0.76525
-1.05043 0.0 0.63026
-1.13738 0.0 0.45495
-1.20121 0.0 0.24024
-1.225 0.0 -0.0
-1.20121 0.0 -0.24024
-1.13738 0.0 -0.45495
-1.05043 0.0 -0.63026
-0.95656 0.0 -0.76525
-0.86621 0.0 -0.86621
-0.78423 0.0 -0.94107
-0.71202 0.0 -0.99682
-0.58138 0.0 1.16276
-0.64498 0.0 1.12872
-0.72111 0.0 1.08167
-0.8121 0.0 1.01513
-0.91924 0.0 0.91924
-1.04 0.0 0.78
-1.16276 0.0 0.58138
-1.26119 0.0 0.3153
-1.3 0.0 -0.0
-1.26119 0.0 -0.3153
-1.16276 0.0 -0.58138
-1.04 0.0 -0.78
-0.91924 0.0 -0.91924
-0.8121 0.0 -1.01513
-0.72111 0.0 -1.08167
-0.64498 0.0 -1.12872
-0.48279 0.0 1.28745
-0.54164 0.0 1.26382
-0.61492 0.0 1.22984
-0.70743 0.0 1.17905
-0.825 0.0 1.1
-0.97227 0.0 0.97227
-1.14407 0.0 0.76271
-1.30444 0.0 0.43481
-1.375 0.0 -0.0
-1.30444 0.0 -0.43481
-1.14407 0.0 -0.76271
-0.97227 0.0 -0.97227
-0.825 0.0 -1.1
-0.70743 0.0 -1.17905
-0.61492 0.0 -1.22984
-0.54164 0.0 -1.26382
-0.35168 0.0 1.40671
-0.39835 0.0 1.39421
-0.45853 0.0 1.37559
-0.53852 0.0 1.34629
-0.64846 0.0 1.29692
-0.80432 0.0 1.20647
-1.0253 0.0 1.0253
-1.29692 0.0 0.64846
-1.45 0.0 -0.0
-1.29692 0.0 -0.64846
-1.0253 0.0 -1.0253
-0.80432 0.0 -1.20647
-0.64846 0.0 -1.29692
-0.53852 0.0 -1.34629
-0.45853 0.0 -1.37559
-0.39835 0.0 -1.39421
-0.18915 0.0 1.51322
-0.21567 0.0 1.50967
-0.25071 0.0 1.50425
-0.29908 0.0 1.49539
-0.36987 0.0 1.47947
-0.48225 0.0 1.44674
-0.682 0.0 1.364
-1.07834 0.0 1.07834
-1.525 0.0 -0.0
-1.07834 0.0 -1.07834
-0.682 0.0 -1.364
-0.48225 0.0 -1.44674
-0.36987 0.0 -1.47947
-0.29908 0.0 -1.49539
-0.25071 0.0 -1.50425
-0.21567 0.0 -1.50967
-0.0 0.0 1.6
-0.0 0.0 1.6
-0.0 0.0 1.6
-0.0 0.0 1.6
-0.0 0.0 1.6
-0.0 0.0 1.6
-0.0 0.0 1.6
-0.0 0.0 1.6
0.0 0.0 0.0
0.0 0.0 -1.6
0.0 0.0 -1.6
0.0 0.0 -1.6
0.0 0.0 -1.6
0.0 0.0 -1.6
0.0 0.0 -1.6
0.0 0.0 -1.6
0.20776 0.0 1.66207
0.23688 0.0 1.65817
0.27537 0.0 1.65221
0.32849 0.0 1.64247
0.40625 0.0 1.62499
0.52968 0.0 1.58904
0.74908 0.0 1.49817
1.1844 0.0 1.1844
1.675 0.0 0.0
1.1844 0.0 -1.1844
0.74908 0.0 -1.49817
0.52968 0.0 -1.58904
0.40625 0.0 -1.62499
0.32849 0.0 -1.64247
0.27537 0.0 -1.65221
0.23688 0.0 -1.65817
0.42444 0.0 1.69775
0.48076 0.0 1.68267
0.5534 0.0 1.6602
0.64993 0.0 1.62483
0.78262 0.0 1.56525
0.97073 0.0 1.45609
1.23744 0.0 1.23744
1.56525 0.0 0.78262
1.75 0.0 0.0
1.56525 0.0 -0.78262
1.23744 0.0 -1.23744
0.97073 0.0 -1.45609
0.78262 0.0 -1.56525
0.64993 0.0 -1.62483
0.5534 0.0 -1.6602
0.48076 0.0 -1.68267
0.6408 0.0 1.7088
0.7189 0.0 1.67744
0.81616 0.0 1.63233
0.93895 0.0 1.56492
1.095 0.0 1.46
1.29047 0.0 1.29047
1.51849 0.0 1.01233
1.73135 0.0 0.57712
1.825 0.0 0.0
1.73135 0.0 -0.57712
1.51849 0.0 -1.01233
1.29047 0.0 -1.29047
1.095 0.0 -1.46
0.93895 0.0 -1.56492
0.81616 0.0 -1.63233
0.7189 0.0 -1.67744
0.84971 0.0 1.69941
0.94266 0.0 1.64966
1.05393 0.0 1.5809
1.18692 0.0 1.48365
1.3435 0.0 1.3435
1.52 0.0 1.14
1.69941 0.0 0.84971
1.84327 0.0 0.46082
1.9 0.0 0.0
1.84327 0.0 -0.46082
1.69941 0.0 -0.84971
1.52 0.0 -1.14
1.3435 0.0 -1.3435
1.18692 0.0 -1.48365
1.05393 0.0 -1.5809
0.94266 0.0 -1.64966
1.04675 0.0 1.6748
1.14795 0.0 1.60712
1.26436 0.0 1.51724
1.39654 0.0 1.39654
1.54222 0.0 1.23377
1.69355 0.0 1.01613
1.83374 0.0 0.7335
1.93665 0.0 0.38733
1.975 0.0 0.0
1.93665 0.0 -0.38733
1.83374 0.0 -0.7335
1.69355 0.0 -1.01613
1.54222 0.0 -1.23377
1.39654 0.0 -1.39654
1.26436 0.0 -1.51724
1.14795 0.0 -1.60712
1.23 0.0 1.64
1.33412 0.0 1.55648
1.44957 0.0 1.44957
1.57485 0.0 1.31238
1.7057 0.0 1.13714
1.83358 0.0 0.91679
1.9448 0.0 0.64827
2.02211 0.0 0.33702
2.05 0.0 0.0
2.02211 0.0 -0.33702
1.9448 0.0 -0.64827
1.83358 0.0 -0.91679
1.7057 0.0 -1.13714
1.57485 0.0 -1.31238
1.44957 0.0 -1.44957
1.33412 0.0 -1.55648
1.39932 0.0 1.59923
1.5026 0.0 1.5026
1.61342 0.0 1.38293
1.72918 0.0 1.23513
1.84502 0.0 1.0543
1.95318 0.0 0.83708
2.04324 0.0 0.58378
2.10364 0.0 0.30052
2.125 0.0 0.0
2.10364 0.0 -0.30052
2.04324 0.0 -0.58378
1.95318 0.0 -0.83708
1.84502 0.0 -1.0543
1.72918 0.0 -1.23513
1.61342 0.0 -1.38293
1.5026 0.0 -1.5026
-0.70711 0.0 0.70711
-0.75258 0.0 0.6585
-0.8 0.0 0.6
-0.848 0.0 0.53
-0.89443 0.0 0.44721
-0.93633 0.0 0.35112
-0.97014 0.0 0.24254
-0.99228 0.0 0.12403
-1.0 0.0 -0.0
-0.99228 0.0 -0.12403
-0.97014 0.0 -0.24254
-0.93633 0.0 -0.35112
-0.89443 0.0 -0.44721
-0.848 0.0 -0.53
-0.8 0.0 -0.6
-0.75258 0.0 -0.6585
-0.70789 0.0 0.80902
-0.76014 0.0 0.76014
-0.8162 0.0 0.6996
-0.87476 0.0 0.62483
-0.93336 0.0 0.53335
-0.98808 0.0 0.42346
-1.03364 0.0 0.29533
-1.0642 0.0 0.15203
-1.075 0.0 -0.0
-1.0642 0.0 -0.15203
-1.03364 0.0 -0.29533
-0.98808 0.0 -0.42346
-0.93336 0.0 -0.53335
-0.87476 0.0 -0.62483
-0.8162 0.0 -0.6996
-0.76014 0.0 -0.76014
-0.69 0.0 0.92
-0.74841 0.0 0.87315
-0.81317 0.0 0.81317
-0.88345 0.0 0.73621
-0.95686 0.0 0.63791
-1.02859 0.0 0.5143
-1.09099 0.0 0.36366
-1.13435 0.0 0.18906
-1.15 0.0 -0.0
-1.13435 0.0 -0.18906
-1.09099 0.0 -0.36366
-1.02859 0.0 -0.5143
-0.95686 0.0 -0.63791
-0.88345 0.0 -0.73621
-0.81317 0.0 -0.81317
-0.74841 0.0 -0.87315
-0.64925 0.0 1.0388
-0.71202 0.0 0.99682
-0.78423 0.0 0.94107
-0.86621 0.0 0.86621
-0.95656 0.0 0.76525
-1.05043 0.0 0.63026
-1.13738 0.0 0.45495
-1.20121 0.0 0.24024
-1.225 0.0 -0.0
-1.20121 0.0 -0.24024
-1.13738 0.0 -0.45495
-1.05043 0.0 -0.63026
-0.95656 0.0 -0.76525
-0.86621 0.0 -0.86621
-0.78423 0.0 -0.94107
-0.71202 0.0 -0.99682
-0.58138 0.0 1.16276
-0.64498 0.0 1.12872
-0.72111 0.0 1.08167
-0.8121 0.0 1.01513
-0.91924 0.0 0.91924
-1.04 0.0 0.78
-1.16276 0.0 0.58138
-1.26119 0.0 0.3153
-1.3 0.0 -0.0
-1.26119 0.0 -0.3153
-1.16276 0.0 -0.58138
-1.04 0.0 -0.78
-0.91924 0.0 -0.91924
-0.8121 0.0 -1.01513
-0.72111 0.0 -1.08167
-0.64498 0.0 -1.12872
-0.48279 0.0 1.28745
-0.54164 0.0 1.26382
-0.61492 0.0 1.22984
-0.70743 0.0 1.17905
-0.825 0.0 1.1
-0.97227 0.0 0.97227
-1.14407 0.0 0.76271
-1.30444 0.0 0.43481
-1.375 0.0 -0.0
-1.30444 0.0 -0.43481
-1.14407 0.0 -0.76271
-0.97227 0.0 -0.97227
-0.825 0.0 -1.1
-0.70743 0.0 -1.17905
-0.61492 0.0 -1.22984
-0.54164 0.0 -1.26382
-0.35168 0.0 1.40671
-0.39835 0.0 1.39421
-0.45853 0.0 1.37559
-0.53852 0.0 1.34629
-0.64846 0.0 1.29692
-0.80432 0.0 1.20647
-1.0253 0.0 1.0253
-1.29692 0.0 0.64846
-1.45 0.0 -0.0
-1.29692 0.0 -0.64846
-1.0253 0.0 -1.0253
-0.80432 0.0 -1.20647
-0.64846 0.0 -1.29692
-0.53852 0.0 -1.34629
-0.45853 0.0 -1.37559
-0.39835 0.0 -1.39421
-0.18915 0.0 1.51322
-0.21567 0.0 1.50967
-0.25071 0.0 1.50425
-0.29908 0.0 1.49539
-0.36987 0.0 1.47947
-0.48225 0.0 1.44674
-0.682 0.0 1.364
-1.07834 0.0 1.07834
-1.525 0.0 -0.0
-1.07834 0.0 -1.07834
-0.682 0.0 -1.364
-0.48225 0.0 -1.44674
-0.36987 0.0 -1.47947
-0.29908 0.0 -1.49539
-0.25071 0.0 -1.50425
-0.21567 0.0 -1.50967
-0.0 0.0 1.6
-0.0 0.0 1.6
-0.0 0.0 1.6
-0.0 0.0 1.6
-0.0 0.0 1.6
-0.0 0.0 1.6
-0.0 0.0 1.6
-0.0 0.0 1.6
0.0 0.0 0.0
0.0 0.0 -1.6
0.0 0.0 -1.6
0.0 0.0 -1.6
0.0 0.0 -1.6
0.0 0.0 -1.6
0.0 0.0 -1.6
0.0 0.0 -1.6
0.20776 0.0 1.66207
0.23688 0.0 1.65817
0.27537 0.0 1.65221
0.32849 0.0 1.64247
0.40625 0.0 1.62499
0.52968 0.0 1.58904
0.74908 0.0 1.49817
1.1844 0.0 1.1844
1.675 0.0 0.0
1.1844 0.0 -1.1844
0.74908 0.0 -1.49817
0.52968 0.0 -1.58904
0.40625 0.0 -1.62499
0.32849 0.0 -1.64247
0.27537 0.0 -1.65221
0.23688 0.0 -1.65817
0.42444 0.0 1.69775
0.48076 0.0 1.68267
0.5534 0.0 1.6602
0.64993 0.0 1.62483
0.78262 0.0 1.56525
0.97073 0.0 1.45609
1.23744 0.0 1.23744
1.56525 0.0 0.78262
1.75 0.0 0.0
1.56525 0.0 -0.78262
1.23744 0.0 -1.23744
0.97073 0.0 -1.45609
0.78262 0.0 -1.56525
0.64993 0.0 -1.62483
0.5534 0.0 -1.6602
0.48076 0.0 -1.68267
0.6408 0.0 1.7088
0.7189 0.0 1.67744
0.81616 0.0 1.63233
0.93895 0.0 1.56492
1.095 0.0 1.46
1.29047 0.0 1.29047
1.51849 0.0 1.01233
1.73135 0.0 0.57712
1.825 0.0 0.0
1.73135 0.0 -0.57712
1.51849 0.0 -1.01233
1.29047 0.0 -1.29047
1.095 0.0 -1.46
0.93895 0.0 -1.56492
0.81616 0.0 -1.63233
0.7189 0.0 -1.67744
0.84971 0.0 1.69941
0.94266 0.0 1.64966
1.05393 0.0 1.5809
1.18692 0.0 1.48365
1.3435 0.0 1.3435
1.52 0.0 1.14
1.69941 0.0 0.84971
1.84327 0.0 0.46082
1.9 0.0 0.0
1.84327 0.0 -0.46082
1.69941 0.0 -0.84971
1.52 0.0 -1.14
1.3435 0.0 -1.3435
1.18692 0.0 -1.48365
1.05393 0.0 -1.5809
0.94266 0.0 -1.64966
1.04675 0.0 1.6748
1.14795 0.0 1.60712
1.26436 0.0 1.51724
1.39654 0.0 1.39654
1.54222 0.0 1.23377
1.69355 0.0 1.01613
1.83374 0.0 0.7335
1.93665 0.0 0.38733
1.975 0.0 0.0
1.93665 0.0 -0.38733
1.83374 0.0 -0.7335
1.69355 0.0 -1.01613
1.54222 0.0 -1.23377
1.39654 0.0 -1.39654
1.26436 0.0 -1.51724
1.14795 0.0 -1.60712
1.23 0.0 1.64
1.33412 0.0 1.55648
1.44957 0.0 1.44957
1.57485 0.0 1.31238
1.7057 0.0 1.13714
1.83358 0.0 0.91679
1.9448 0.0 0.64827
2.02211 0.0 0.33702
2.05 0.0 0.0
2.02211 0.0 -0.33702
1.9448 0.0 -0.64827
1.83358 0.0 -0.91679
1.7057 0.0 -1.13714
1.57485 0.0 -1.31238
1.44957 0.0 -1.44957
1.33412 0.0 -1.55648
1.39932 0.0 1.59923
1.5026 0.0 1.5026
1.61342 0.0 1.38293
1.72918 0.0 1.23513
1.84502 0.0 1.0543
1.95318 0.0 0.83708
2.04324 0.0 0.58378
2.10364 0.0 0.30052
2.125 0.0 0.0
2.10364 0.0 -0.30052
2.04324 0.0 -0.58378
1.95318 0.0 -0.83708
1.84502 0.0 -1.0543
1.72918 0.0 -1.23513
1.61342 0.0 -1.38293
1.5026 0.0 -1.5026
-0.70711 0.0 0.70711
-0.75258 0.0 0.6585
-0.8 0.0 0.6
-0.848 0.0 0.53
-0.89443 0.0 0.44721
-0.93633 0.0 0.35112
-0.97014 0.0 0.24254
-0.99228 0.0 0.12403
-1.0 0.0 -0.0
-0.99228 0.0 -0.12403
-0.97014 0.0 -0.24254
-0.93633 0.0 -0.35112
-0.89443 0.0 -0.44721
-0.848 0.0 -0.53
-0.8 0.0 -0.6
-0.75258 0.0 -0.6585
-0.70789 0.0 0.80902
-0.76014 0.0 0.76014
-0.8162 0.0 0.6996
-0.87476 0.0 0.62483
-0.93336 0.0 0.53335
-0.98808 0.0 0.42346
-1.03364 0.0 0.29533
-1.0642 0.0 0.15203
-1.075 0.0 -0.0
-1.0642 0.0 -0.15203
-1.03364 0.0 -0.29533
-0.98808 0.0 -0.42346
-0.93336 0.0 -0.53335
-0.87476 0.0 -0.62483
-0.8162 0.0 -0.6996
-0.76014 0.0 -0.76014
-0.69 0.0 0.92
-0.74841 0.0 0.87315
-0.81317 0.0 0.81317
-0.88345 0.0 0.73621
-0.95686 0.0 0.63791
-1.02859 0.0 0.5143
-1.09099 0.0 0.36366
-1.13435 0.0 0.18906
-1.15 0.0 -0.0
-1.13435 0.0 -0.18906
-1.09099 0.0 -0.36366
-1.02859 0.0 -0.5143
-0.95686 0.0 -0.63791
-0.88345 0.0 -0.73621
-0.81317 0.0 -0.81317
-0.74841 0.0 -0.87315
-0.64925 0.0 1.0388
-0.71202 0.0 0.99682
-0.78423 0.0 0.94107
-0.86621 0.0 0.86621
-0.95656 0.0 0.76525
-1.05043 0.0 0.63026
-1.13738 0.0 0.45495
-1.20121 0.0 0.24024
-1.225 0.0 -0.0
-1.20121 0.0 -0.24024
-1.13738 0.0 -0.45495
-1.05043 0.0 -0.63026
-0.95656 0.0 -0.76525
-0.86621 0.0 -0.86621
-0.78423 0.0 -0.94107
-0.71202 0.0 -0.99682
-0.58138 0.0 1.16276
-0.64498 0.0 1.12872
-0.72111 0.0 1.08167
-0.8121 0.0 1.01513
-0.91924 0.0 0.91924
-1.04 0.0 0.78
-1.16276 0.0 0.58138
-1.26119 0.0 0.3153
-1.3 0.0 -0.0
-1.26119 0.0 -0.3153
-1.16276 0.0 -0.58138
-1.04 0.0 -0.78
-0.91924 0.0 -0.91924
-0.8121 0.0 -1.01513
-0.72111 0.0 -1.08167
-0.64498 0.0 -1.12872
-0.48279 0.0 1.28745
-0.54164 0.0 1.26382
-0.61492 0.0 1.22984
-0.70743 0.0 1.17905
-0.825 0.0 1.1
-0.97227 0.0 0.97227
-1.14407 0.0 0.76271
-1.30444 0.0 0.43481
-1.375 0.0 -0.0
-1.30444 0.0 -0.43481
-1.14407 0.0 -0.76271
-0.97227 0.0 -0.97227
-0.825 0.0 -1.1
-0.70743 0.0 -1.17905
-0.61492 0.0 -1.22984
-0.54164 0.0 -1.26382
-0.35168 0.0 1.40671
-0.39835 0.0 1.39421
-0.45853 0.0 1.37559
-0.53852 0.0 1.34629
-0.64846 0.0 1.29692
-0.80432 0.0 1.20647
-1.0253 0.0 1.0253
-1.29692 0.0 0.64846
-1.45 0.0 -0.0
-1.29692 0.0 -0.64846
-1.0253 0.0 -1.0253
-0.80432 0.0 -1.20647
-0.64846 0.0 -1.29692
-0.53852 0.0 -1.34629
-0.45853 0.0 -1.37559
-0.39835 0.0 -1.39421
-0.18915 0.0 1.51322
-0.21567 0.0 1.50967
-0.25071 0.0 1.50425
-0.29908 0.0 1.49539
-0.36987 0.0 1.47947
-0.48225 0.0 1.44674
-0.682 0.0 1.364
-1.07834 0.0 1.07834
-1.525 0.0 -0.0
-1.07834 0.0 -1.07834
-0.682 0.0 -1.364
-0.48225 0.0 -1.44674
-0.36987 0.0 -1.47947
-0.29908 0.0 -1.49539
-0.25071 0.0 -1.50425
-0.21567 0.0 -1.50967
-0.0 0.0 1.6
-0.0 0.0 1.6
-0.0 0.0 1.6
-0.0 0.0 1.6
-0.0 0.0 1.6
-0.0 0.0 1.6
-0.0 0.0 1.6
-0.0 0.0 1.6
0.0 0.0 0.0
0.0 0.0 -1.6
0.0 0.0 -1.6
0.0 0.0 -1.6
0.0 0.0 -1.6
0.0 0.0 -1.6
0.0 0.0 -1.6
0.0 0.0 -1.6
0.20776 0.0 1.66207
0.23688 0.0 1.65817
0.27537 0.0 1.65221
0.32849 0.0 1.64247
0.40625 0.0 1.62499
0.52968 0.0 1.58904
0.74908 0.0 1.49817
1.1844 0.0 1.1844
1.675 0.0 0.0
1.1844 0.0 -1.1844
0.74908 0.0 -1.49817
0.52968 0.0 -1.58904
0.40625 0.0 -1.62499
0.32849 0.0 -1.64247
0.27537 0.0 -1.65221
0.23688 0.0 -1.65817
0.42444 0.0 1.69775
0.48076 0.0 1.68267
0.5534 0.0 1.6602
0.64993 0.0 1.62483
0.78262 0.0 1.56525
0.97073 0.0 1.45609
1.23744 0.0 1.23744
1.56525 0.0 0.78262
1.75 0.0 0.0
1.56525 0.0 -0.78262
1.23744 0.0 -1.23744
0.97073 0.0 -1.45609
0.78262 0.0 -1.56525
0.64993 0.0 -1.62483
0.5534 0.0 -1.6602
0.48076 0.0 -1.68267
0.6408 0.0 1.7088
0.7189 0.0 1.67744
0.81616 0.0 1.63233
0.93895 0.0 1.56492
1.095 0.0 1.46
1.29047 0.0 1.29047
1.51849 0.0 1.01233
1.73135 0.0 0.57712
1.825 0.0 0.0
1.73135 0.0 -0.57712
1.51849 0.0 -1.01233
1.29047 0.0 -1.29047
1.095 0.0 -1.46
0.93895 0.0 -1.56492
0.81616 0.0 -1.63233
0.7189 0.0 -1.67744
0.84971 0.0 1.69941
0.94266 0.0 1.64966
1.05393 0.0 1.5809
1.18692 0.0 1.48365
1.3435 0.0 1.3435
1.52 0.0 1.14
1.69941 0.0 0.84971
1.84327 0.0 0.46082
1.9 0.0 0.0
1.84327 0.0 -0.46082
1.69941 0.0 -0.84971
1.52 0.0 -1.14
1.3435 0.0 -1.3435
1.18692 0.0 -1.48365
1.05393 0.0 -1.5809
0.94266 0.0 -1.64966
1.04675 0.0 1.6748
1.14795 0.0 1.60712
1.26436 0.0 1.51724
1.39654 0.0 1.39654
1.54222 0.0 1.23377
1.69355 0.0 1.01613
1.83374 0.0 0.7335
1.93665 0.0 0.38733
1.975 0.0 0.0
1.93665 0.0 -0.38733
1.83374 0.0 -0.7335
1.69355 0.0 -1.01613
1.54222 0.0 -1.23377
1.39654 0.0 -1.39654
1.26436 0.0 -1.51724
1.14795 0.0 -1.60712
1.23 0.0 1.64
1.33412 0.0 1.55648
1.44957 0.0 1.44957
1.57485 0.0 1.31238
1.7057 0.0 1.13714
1.83358 0.0 0.91679
1.9448 0.0 0.64827
2.02211 0.0 0.33702
2.05 0.0 0.0
2.02211 0.0 -0.33702
1.9448 0.0 -0.64827
1.83358 0.0 -0.91679
1.7057 0.0 -1.13714
1.57485 0.0 -1.31238
1.44957 0.0 -1.44957
1.33412 0.0 -1.55648
1.39932 0.0 1.59923
1.5026 0.0 1.5026
1.61342 0.0 1.38293
1.72918 0.0 1.23513
1.84502 0.0 1.0543
1.95318 0.0 0.83708
2.04324 0.0 0.58378
2.10364 0.0 0.30052
2.125 0.0 0.0
2.10364 0.0 -0.30052
2.04324 0.0 -0.58378
1.95318 0.0 -0.83708
1.84502 0.0 -1.0543
1.72918 0.0 -1.23513
1.61342 0.0 -1.38293
1.5026 0.0 -1.5026
-0.70711 0.0 0.70711
-0.75258 0.0 0.6585
-0.8 0.0 0.6
-0.848 0.0 0.53
-0.89443 0.0 0.44721
-0.93633 0.0 0.35112
-0.97014 0.0 0.24254
-0.99228 0.0 0.12403
-1.0 0.0 -0.0
-0.99228 0.0 -0.12403
-0.97014 0.0 -0.24254
-0.93633 0.0 -0.35112
-0.89443 0.0 -0.44721
-0.848 0.0 -0.53
-0.8 0.0 -0.6
-0.75258 0.0 -0.6585
-0.70789 0.0 0.80902
-0.76014 0.0 0.76014
-0.8162 0.0 0.6996
-0.87476 0.0 0.62483
-0.93336 0.0 0.53335
-0.98808 0.0 0.42346
-1.03364 0.0 0.29533
-1.0642 0.0 0.15203
-1.075 0.0 -0.0
-1.0642 0.0 -0.15203
-1.03364 0.0 -0.29533
-0.98808 0.0 -0.42346
-0.93336 0.0 -0.53335
-0.87476 0.0 -0.62483
-0.8162 0.0 -0.6996
-0.76014 0.0 -0.76014
-0.69 0.0 0.92
-0.74841 0.0 0.87315
-0.81317 0.0 0.81317
-0.88345 0.0 0.73621
-0.95686 0.0 0.63791
-1.02859 0.0 0.5143
-1.09099 0.0 0.36366
-1.13435 0.0 0.18906
-1.15 0.0 -0.0
-1.13435 0.0 -0.18906
-1.09099 0.0 -0.36366
-1.02859 0.0 -0.5143
-0.95686 0.0 -0.63791
-0.88345 0.0 -0.73621
-0.81317 0.0 -0.81317
-0.74841 0.0 -0.87315
-0.64925 0.0 1.0388
-0.71202 0.0 0.99682
-0.78423 0.0 0.94107
-0.86621 0.0 0.86621
-0.95656 0.0 0.76525
-1.05043 0.0 0.63026
-1.13738 0.0 0.45495
-1.20121 0.0 0.24024
-1.225 0.0 -0.0
-1.20121 0.0 -0.24024
-1.13738 0.0 -0.45495
-1.05043 0.0 -0.63026
-0.95656 0.0 -0.76525
-0.86621 0.0 -0.86621
-0.78423 0.0 -0.94107
-0.71202 0.0 -0.99682
-0.58138 0.0 1.16276
-0.64498 0.0 1.12872
-0.72111 0.0 1.08167
-0.8121 0.0 1.01513
-0.91924 0.0 0.91924
-1.04 0.0 0.78
-1.16276 0.0 0.58138
-1.26119 0.0 0.3153
-1.3 0.0 -0.0
-1.26119 0.0 -0.3153
-1.16276 0.0 -0.58138
-1.04 0.0 -0.78
-0.91924 0.0 -0.91924
-0.8121 0.0 -1.01513
-0.72111 0.0 -1.08167
-0.64498 0.0 -1.12872
-0.48279 0.0 1.28745
-0.54164 0.0 1.26382
-0.61492 0.0 1.22984
-0.70743 0.0 1.17905
-0.825 0.0 1.1
-0.97227 0.0 0.97227
-1.14407 0.0 0.76271
-1.30444 0.0 0.43481
-1.375 0.0 -0.0
-1.30444 0.0 -0.43481
-1.14407 0.0 -0.76271
-0.97227 0.0 -0.97227
-0.825 0.0 -1.1
-0.70743 0.0 -1.17905
-0.61492 0.0 -1.22984
-0.54164 0.0 -1.26382
-0.35168 0.0 1.40671
-0.39835 0.0 1.39421
-0.45853 0.0 1.37559
-0.53852 0.0 1.34629
-0.64846 0.0 1.29692
-0.80432 0.0 1.20647
-1.0253 0.0 1.0253
-1.29692 0.0 0.64846
-1.45 0.0 -0.0
-1.29692 0.0 -0.64846
-1.0253 0.0 -1.0253
-0.80432 0.0 -1.20647
-0.64846 0.0 -1.29692
-0.53852 0.0 -1.34629
-0.45853 0.0 -1.37559
-0.39835 0.0 -1.39421
-0.18915 0.0 1.51322
-0.21567 0.0 1.50967
-0.25071 0.0 1.50425
-0.29908 0.0 1.49539
-0.36987 0.0 1.47947
-0.48225 0.0 1.44674
-0.682 0.0 1.364
-1.07834 0.0 1.07834
-1.525 0.0 -0.0
-1.07834 0.0 -1.07834
-0.682 0.0 -1.364
-0.48225 0.0 -1.44674
-0.36987 0.0 -1.47947
-0.29908 0.0 -1.49539
-0.25071 0.0 -1.50425
-0.21567 0.0 -1.50967
-0.0 0.0 1.6
-0.0 0.0 1.6
-0.0 0.0 1.6
-0.0 0.0 1.6
-0.0 0.0 1.6
-0.0 0.0 1.6
-0.0 0.0 1.6
-0.0 0.0 1.6
0.0 0.0 0.0
0.0 0.0 -1.6
0.0 0.0 -1.6
0.0 0.0 -1.6
0.0 0.0 -1.6
0.0 0.0 -1.6
0.0 0.0 -1.6
0.0 0.0 -1.6
0.20776 0.0 1.66207
0.23688 0.0 1.65817
0.27537 0.0 1.65221
0.32849 0.0 1.64247
0.40625 0.0 1.62499
0.52968 0.0 1.58904
0.74908 0.0 1.49817
1.1844 0.0 1.1844
1.675 0.0 0.0
1.1844 0.0 -1.1844
0.74908 0.0 -1.49817
0.52968 0.0 -1.58904
0.40625 0.0 -1.62499
0.32849 0.0 -1.64247
0.27537 0.0 -1.65221
0.23688 0.0 -1.65817
0.42444 0.0 1.69775
0.48076 0.0 1.68267
0.5534 0.0 1.6602
0.64993 0.0 1.62483
0.78262 0.0 1.56525
0.97073 0.0 1.45609
1.23744 0.0 1.23744
1.56525 0.0 0.78262
1.75 0.0 0.0
1.56525 0.0 -0.78262
1.23744 0.0 -1.23744
0.97073 0.0 -1.45609
0.78262 0.0 -1.56525
0.64993 0.0 -1.62483
0.5534 0.0 -1.6602
0.48076 0.0 -1.68267
0.6408 0.0 1.7088
0.7189 0.0 1.67744
0.81616 0.0 1.63233
0.93895 0.0 1.56492
1.095 0.0 1.46
1.29047 0.0 1.29047
1.51849 0.0 1.01233
1.73135 0.0 0.57712
1.825 0.0 0.0
1.73135 0.0 -0.57712
1.51849 0.0 -1.01233
1.29047 0.0 -1.29047
1.095 0.0 -1.46
0.93895 0.0 -1.56492
0.81616 0.0 -1.63233
0.7189 0.0 -1.67744
0.84971 0.0 1.69941
0.94266 0.0 1.64966
1.05393 0.0 1.5809
1.18692 0.0 1.48365
1.3435 0.0 1.3435
1.52 0.0 1.14
1.69941 0.0 0.84971
1.84327 0.0 0.46082
1.9 0.0 0.0
1.84327 0.0 -0.46082
1.69941 0.0 -0.84971
1.52 0.0 -1.14
1.3435 0.0 -1.3435
1.18692 0.0 -1.48365
1.05393 0.0 -1.5809
0.94266 0.0 -1.64966
1.04675 0.0 1.6748
1.14795 0.0 1.60712
1.26436 0.0 1.51724
1.39654 0.0 1.39654
1.54222 0.0 1.23377
1.69355 0.0 1.01613
1.83374 0.0 0.7335
1.93665 0.0 0.38733
1.975 0.0 0.0
1.93665 0.0 -0.38733
1.83374 0.0 -0.7335
1.69355 0.0 -1.01613
1.54222 0.0 -1.23377
1.39654 0.0 -1.39654
1.26436 0.0 -1.51724
1.14795 0.0 -1.60712
1.23 0.0 1.64
1.33412 0.0 1.55648
1.44957 0.0 1.44957
1.57485 0.0 1.31238
1.7057 0.0 1.13714
1.83358 0.0 0.91679
1.9448 0.0 0.64827
2.02211 0.0 0.33702
2.05 0.0 0.0
2.02211 0.0 -0.33702
1.9448 0.0 -0.64827
1.83358 0.0 -0.91679
1.7057 0.0 -1.13714
1.57485 0.0 -1.31238
1.44957 0.0 -1.44957
1.33412 0.0 -1.55648
1.39932 0.0 1.59923
1.5026 0.0 1.5026
1.61342 0.0 1.38293
1.72918 0.0 1.23513
1.84502 0.0 1.0543
1.95318 0.0 0.83708
2.04324 0.0 0.58378
2.10364 0.0 0.30052
2.125 0.0 0.0
2.10364 0.0 -0.30052
2.04324 0.0 -0.58378
1.95318 0.0 -0.83708
1.84502 0.0 -1.0543
1.72918 0.0 -1.23513
1.61342 0.0 -1.38293
1.5026 0.0 -1.5026
-0.70711 0.0 0.70711
-0.75258 0.0 0.6585
-0.8 0.0 0.6
-0.848 0.0 0.53
-0.89443 0.0 0.44721
-0.93633 0.0 0.35112
-0.97014 0.0 0.24254
-0.99228 0.0 0.12403
-1.0 0.0 -0.0
-0.99228 0.0 -0.12403
-0.97014 0.0 -0.24254
-0.93633 0.0 -0.35112
-0.89443 0.0 -0.44721
-0.848 0.0 -0.53
-0.8 0.0 -0.6
-0.75258 0.0 -0.6585
-0.70789 0.0 0.80902
-0.76014 0.0 0.76014
-0.8162 0.0 0.6996
-0.87476 0.0 0.62483
-0.93336 0.0 0.53335
-0.98808 0.0 0.42346
-1.03364 0.0 0.29533
-1.0642 0.0 0.15203
-1.075 0.0 -0.0
-1.0642 0.0 -0.15203
-1.03364 0.0 -0.29533
-0.98808 0.0 -0.42346
-0.93336 0.0 -0.53335
-0.87476 0.0 -0.62483
-0.8162 0.0 -0.6996
-0.76014 0.0 -0.76014
-0.69 0.0 0.92
-0.74841 0.0 0.87315
-0.81317 0.0 0.81317
-0.88345 0.0 0.73621
-0.95686 0.0 0.63791
-1.02859 0.0 0.5143
-1.09099 0.0 0.36366
-1.13435 0.0 0.18906
-1.15 0.0 -0.0
-1.13435 0.0 -0.18906
-1.09099 0.0 -0.36366
-1.02859 0.0 -0.5143
-0.95686 0.0 -0.63791
-0.88345 0.0 -0.73621
-0.81317 0.0 -0.81317
-0.74841 0.0 -0.87315
-0.64925 0.0 1.0388
-0.71202 0.0 0.99682
-0.78423 0.0 0.94107
-0.86621 0.0 0.86621
-0.95656 0.0 0.76525
-1.05043 0.0 0.63026
-1.13738 0.0 0.45495
-1.20121 0.0 0.24024
-1.225 0.0 -0.0
-1.20121 0.0 -0.24024
-1.13738 0.0 -0.45495
-1.05043 0.0 -0.63026
-0.95656 0.0 -0.76525
-0.86621 0.0 -0.86621
-0.78423 0.0 -0.94107
-0.71202 0.0 -0.99682
-0.58138 0.0 1.16276
-0.64498 0.0 1.12872
-0.72111 0.0 1.08167
-0.8121 0.0 1.01513
-0.91924 0.0 0.91924
-1.04 0.0 0.78
-1.16276 0.0 0.58138
-1.26119 0.0 0.3153
-1.3 0.0 -0.0
-1.26119 0.0 -0.3153
-1.16276 0.0 -0.58138
-1.04 0.0 -0.78
-0.91924 0.0 -0.91924
-0.8121 0.0 -1.01513
-0.72111 0.0 -1.08167
-0.64498 0.0 -1.12872
-0.48279 0.0 1.28745
-0.54164 0.0 1.26382
-0.61492 0.0 1.22984
-0.70743 0.0 1.17905
-0.825 0.0 1.1
-0.97227 0.0 0.97227
-1.14407 0.0 0.76271
-1.30444 0.0 0.43481
-1.375 0.0 -0.0
-1.30444 0.0 -0.43481
-1.14407 0.0 -0.76271
-0.97227 0.0 -0.97227
-0.825 0.0 -1.1
-0.70743 0.0 -1.17905
-0.61492 0.0 -1.22984
-0.54164 0.0 -1.26382
-0.35168 0.0 1.40671
-0.39835 0.0 1.39421
-0.45853 0.0 1.37559
-0.53852 0.0 1.34629
-0.64846 0.0 1.29692
-0.80432 0.0 1.20647
-1.0253 0.0 1.0253
-1.29692 0.0 0.64846
-1.45 0.0 -0.0
-1.29692 0.0 -0.64846
-1.0253 0.0 -1.0253
-0.80432 0.0 -1.20647
-0.64846 0.0 -1.29692
-0.53852 0.0 -1.34629
-0.45853 0.0 -1.37559
-0.39835 0.0 -1.39421
-0.18915 0.0 1.51322
-0.21567 0.0 1.50967
-0.25071 0.0 1.50425
-0.29908 0.0 1.49539
-0.36987 0.0 1.47947
-0.48225 0.0 1.44674
-0.682 0.0 1.364
-1.07834 0.0 1.07834
-1.525 0.0 -0.0
-1.07834 0.0 -1.07834
-0.682 0.0 -1.364
-0.48225 0.0 -1.44674
-0.36987 0.0 -1.47947
-0.29908 0.0 -1.49539
-0.25071 0.0 -1.50425
-0.21567 0.0 -1.50967
-0.0 0.0 1.6
-0.0 0.0 1.6
-0.0 0.0 1.6
-0.0 0.0 1.6
-0.0 0.0 1.6
-0.0 0.0 1.6
-0.0 0.0 1.6
-0.0 0.0 1.6
0.0 0.0 0.0
0.0 0.0 -1.6
0.0 0.0 -1.6
0.0 0.0 -1.6
0.0 0.0 -1.6
0.0 0.0 -1.6
0.0 0.0 -1.6
0.0 0.0 -1.6
0.20776 0.0 1.66207
0.23688 0.0 1.65817
0.27537 0.0 1.65221
0.32849 0.0 1.64247
0.40625 0.0 1.62499
0.52968 0.0 1.58904
0.74908 0.0 1.49817
1.1844 0.0 1.1844
1.675 0.0 0.0
1.1844 0.0 -1.1844
0.74908 0.0 -1.49817
0.52968 0.0 -1.58904
0.40625 0.0 -1.62499
0.32849 0.0 -1.64247
0.27537 0.0 -1.65221
0.23688 0.0 -1.65817
0.42444 0.0 1.69775
0.48076 0.0 1.68267
0.5534 0.0 1.6602
0.64993 0.0 1.62483
0.78262 0.0 1.56525
0.97073 0.0 1.45609
1.23744 0.0 1.23744
1.56525 0.0 0.78262
1.75 0.0 0.0
1.56525 0.0 -0.78262
1.23744 0.0 -1.23744
0.97073 0.0 -1.45609
0.78262 0.0 -1.56525
0.64993 0.0 -1.62483
0.5534 0.0 -1.6602
0.48076 0.0 -1.68267
0.6408 0.0 1.7088
0.7189 0.0 1.67744
0.81616 0.0 1.63233
0.93895 0.0 1.56492
1.095 0.0 1.46
1.29047 0.0 1.29047
1.51849 0.0 1.01233
1.73135 0.0 0.57712
1.825 0.0 0.0
1.73135 0.0 -0.57712
1.51849 0.0 -1.01233
1.29047 0.0 -1.29047
1.095 0.0 -1.46
0.93895 0.0 -1.56492
0.81616 0.0 -1.63233
0.7189 0.0 -1.67744
0.84971 0.0 1.69941
0.94266 0.0 1.64966
1.05393 0.0 1.5809
1.18692 0.0 1.48365
1.3435 0.0 1.3435
1.52 0.0 1.14
1.69941 0.0 0.84971
1.84327 0.0 0.46082
1.9 0.0 0.0
1.84327 0.0 -0.46082
1.69941 0.0 -0.84971
1.52 0.0 -1.14
1.3435 0.0 -1.3435
1.18692 0.0 -1.48365
1.05393 0.0 -1.5809
0.94266 0.0 -1.64966
1.04675 0.0 1.6748
1.14795 0.0 1.60712
1.26436 0.0 1.51724
1.39654 0.0 1.39654
1.54222 0.0 1.23377
1.69355 0.0 1.01613
1.83374 0.0 0.7335
1.93665 0.0 0.38733
1.975 0.0 0.0
1.93665 0.0 -0.38733
1.83374 0.0 -0.7335
1.69355 0.0 -1.01613
1.54222 0.0 -1.23377
1.39654 0.0 -1.39654
1.26436 0.0 -1.51724
1.14795 0.0 -1.60712
1.23 0.0 1.64
1.33412 0.0 1.55648
1.44957 0.0 1.44957
1.57485 0.0 1.31238
1.7057 0.0 1.13714
1.83358 0.0 0.91679
1.9448 0.0 0.64827
2.02211 0.0 0.33702
2.05 0.0 0.0
2.02211 0.0 -0.33702
1.9448 0.0 -0.64827
1.83358 0.0 -0.91679
1.7057 0.0 -1.13714
1.57485 0.0 -1.31238
1.44957 0.0 -1.44957
1.33412 0.0 -1.55648
1.39932 0.0 1.59923
1.5026 0.0 1.5026
1.61342 0.0 1.38293
1.72918 0.0 1.23513
1.84502 0.0 1.0543
1.95318 0.0 0.83708
2.04324 0.0 0.58378
2.10364 0.0 0.30052
2.125 0.0 0.0
2.10364 0.0 -0.30052
2.04324 0.0 -0.58378
1.95318 0.0 -0.83708
1.84502 0.0 -1.0543
1.72918 0.0 -1.23513
1.61342 0.0 -1.38293
1.5026 0.0 -1.5026
-0.70711 0.0 0.70711
-0.75258 0.0 0.6585
-0.8 0.0 0.6
-0.848 0.0 0.53
-0.89443 0.0 0.44721
-0.93633 0.0 0.35112
-0.97014 0.0 0.24254
-0.99228 0.0 0.12403
-1.0 0.0 -0.0
-0.99228 0.0 -0.12403
-0.97014 0.0 -0.24254
-0.93633 0.0 -0.35112
-0.89443 0.0 -0.44721
-0.848 0.0 -0.53
-0.8 0.0 -0.6
-0.75258 0.0 -0.6585
-0.70789 0.0 0.80902
-0.76014 0.0 0.76014
-0.8162 0.0 0.6996
-0.87476 0.0 0.62483
-0.93336 0.0 0.53335
-0.98808 0.0 0.42346
-1.03364 0.0 0.29533
-1.0642 0.0 0.15203
-1.075 0.0 -0.0
-1.0642 0.0 -0.15203
-1.03364 0.0 -0.29533
-0.98808 0.0 -0.42346
-0.93336 0.0 -0.53335
-0.87476 0.0 -0.62483
-0.8162 0.0 -0.6996
-0.76014 0.0 -0.76014
-0.69 0.0 0.92
-0.74841 0.0 0.87315
-0.81317 0.0 0.81317
-0.88345 0.0 0.73621
-0.95686 0.0 0.63791
-1.02859 0.0 0.5143
-1.09099 0.0 0.36366
-1.13435 0.0 0.18906
-1.15 0.0 -0.0
-1.13435 0.0 -0.18906
-1.09099 0.0 -0.36366
-1.02859 0.0 -0.5143
-0.95686 0.0 -0.63791
-0.88345 0.0 -0.73621
-0.81317 0.0 -0.81317
-0.74841 0.0 -0.87315
-0.64925 0.0 1.0388
-0.71202 0.0 0.99682
-0.78423 0.0 0.94107
-0.86621 0.0 0.86621
-0.95656 0.0 0.76525
-1.05043 0.0 0.63026
-1.13738 0.0 0.45495
-1.20121 0.0 0.24024
-1.225 0.0 -0.0
-1.20121 0.0 -0.24024
-1.13738 0.0 -0.45495
-1.05043 0.0 -0.63026
-0.95656 0.0 -0.76525
-0.86621 0.0 -0.86621
-0.78423 0.0 -0.94107
-0.71202 0.0 -0.99682
-0.58138 0.0 1.16276
-0.64498 0.0 1.12872
-0.72111 0.0 1.08167
-0.8121 0.0 1.01513
-0.91924 0.0 0.91924
-1.04 0.0 0.78
-1.16276 0.0 0.58138
-1.26119 0.0 0.3153
-1.3 0.0 -0.0
-1.26119 0.0 -0.3153
-1.16276 0.0 -0.58138
-1.04 0.0 -0.78
-0.91924 0.0 -0.91924
-0.8121 0.0 -1.01513
-0.72111 0.0 -1.08167
-0.64498 0.0 -1.12872
-0.48279 0.0 1.28745
-0.54164 0.0 1.26382
-0.61492 0.0 1.22984
-0.70743 0.0 1.17905
-0.825 0.0 1.1
-0.97227 0.0 0.97227
-1.14407 0.0 0.76271
-1.30444 0.0 0.43481
-1.375 0.0 -0.0
-1.30444 0.0 -0.43481
-1.14407 0.0 -0.76271
-0.97227 0.0 -0.97227
-0.825 0.0 -1.1
-0.70743 0.0 -1.17905
-0.61492 0.0 -1.22984
-0.54164 0.0 -1.26382
-0.35168 0.0 1.40671
-0.39835 0.0 1.39421
-0.45853 0.0 1.37559
-0.53852 0.0 1.34629
-0.64846 0.0 1.29692
-0.80432 0.0 1.20647
-1.0253 0.0 1.0253
-1.29692 0.0 0.64846
-1.45 0.0 -0.0
-1.29692 0.0 -0.64846
-1.0253 0.0 -1.0253
-0.80432 0.0 -1.20647
-0.64846 0.0 -1.29692
-0.53852 0.0 -1.34629
-0.45853 0.0 -1.37559
-0.39835 0.0 -1.39421
-0.18915 0.0 1.51322
-0.21567 0.0 1.50967
-0.25071 0.0 1.50425
-0.29908 0.0 1.49539
-0.36987 0.0 1.47947
-0.48225 0.0 1.44674
-0.682 0.0 1.364
-1.07834 0.0 1.07834
-1.525 0.0 -0.0
-1.07834 0.0 -1.07834
-0.682 0.0 -1.364
-0.48225 0.0 -1.44674
-0.36987 0.0 -1.47947
-0.29908 0.0 -1.49539
-0.25071 0.0 -1.50425
-0.21567 0.0 -1.50967
-0.0 0.0 1.6
-0.0 0.0 1.6
-0.0 0.0 1.6
-0.0 0.0 1.6
-0.0 0.0 1.6
-0.0 0.0 1.6
-0.0 0.0 1.6
-0.0 0.0 1.6
0.0 0.0 0.0
0.0 0.0 -1.6
0.0 0.0 -1.6
0.0 0.0 -1.6
0.0 0.0 -1.6
0.0 0.0 -1.6
0.0 0.0 -1.6
0.0 0.0 -1.6
0.20776 0.0 1.66207
0.23688 0.0 1.65817
0.27537 0.0 1.65221
0.32849 0.0 1.64247
0.40625 0.0 1.62499
0.52968 0.0 1.58904
0.74908 0.0 1.49817
1.1844 0.0 1.1844
1.675 0.0 0.0
1.1844 0.0 -1.1844
0.74908 0.0 -1.49817
0.52968 0.0 -1.58904
0.40625 0.0 -1.62499
0.32849 0.0 -1.64247
0.27537 0.0 -1.65221
0.23688 0.0 -1.65817
0.42444 0.0 1.69775
0.48076 0.0 1.68267
0.5534 0.0 1.6602
0.64993 0.0 1.62483
0.78262 0.0 1.56525
0.97073 0.0 1.45609
1.23744 0.0 1.23744
1.56525 0.0 0.78262
1.75 0.0 0.0
1.56525 0.0 -0.78262
1.23744 0.0 -1.23744
0.97073 0.0 -1.45609
0.78262 0.0 -1.56525
0.64993 0.0 -1.62483
0.5534 0.0 -1.6602
0.48076 0.0 -1.68267
0.6408 0.0 1.7088
0.7189 0.0 1.67744
0.81616 0.0 1.63233
0.93895 0.0 1.56492
1.095 0.0 1.46
1.29047 0.0 1.29047
1.51849 0.0 1.01233
1.73135 0.0 0.57712
1.825 0.0 0.0
1.73135 0.0 -0.57712
1.51849 0.0 -1.01233
1.29047 0.0 -1.29047
1.095 0.0 -1.46
0.93895 0.0 -1.56492
0.81616 0.0 -1.63233
0.7189 0.0 -1.67744
0.84971 0.0 1.69941
0.94266 0.0 1.64966
1.05393 0.0 1.5809
1.18692 0.0 1.48365
1.3435 0.0 1.3435
1.52 0.0 1.14
1.69941 0.0 0.84971
1.84327 0.0 0.46082
1.9 0.0 0.0
1.84327 0.0 -0.46082
1.69941 0.0 -0.84971
1.52 0.0 -1.14
1.3435 0.0 -1.3435
1.18692 0.0 -1.48365
1.05393 0.0 -1.5809
0.94266 0.0 -1.64966
1.04675 0.0 1.6748
1.14795 0.0 1.60712
1.26436 0.0 1.51724
1.39654 0.0 1.39654
1.54222 0.0 1.23377
1.69355 0.0 1.01613
1.83374 0.0 0.7335
1.93665 0.0 0.38733
1.975 0.0 0.0
1.93665 0.0 -0.38733
1.83374 0.0 -0.7335
1.69355 0.0 -1.01613
1.54222 0.0 -1.23377
1.39654 0.0 -1.39654
1.26436 0.0 -1.51724
1.14795 0.0 -1.60712
1.23 0.0 1.64
1.33412 0.0 1.55648
1.44957 0.0 1.44957
1.57485 0.0 1.31238
1.7057 0.0 1.13714
1.83358 0.0 0.91679
1.9448 0.0 0.64827
2.02211 0.0 0.33702
2.05 0.0 0.0
2.02211 0.0 -0.33702
1.9448 0.0 -0.64827
1.83358 0.0 -0.91679
1.7057 0.0 -1.13714
1.57485 0.0 -1.31238
1.44957 0.0 -1.44957
1.33412 0.0 -1.55648
1.39932 0.0 1.59923
1.5026 0.0 1.5026
1.61342 0.0 1.38293
1.72918 0.0 1.23513
1.84502 0.0 1.0543
1.95318 0.0 0.83708
2.04324 0.0 0.58378
2.10364 0.0 0.30052
2.125 0.0 0.0
2.10364 0.0 -0.30052
2.04324 0.0 -0.58378
1.95318 0.0 -0.83708
1.84502 0.0 -1.0543
1.72918 0.0 -1.23513
1.61342 0.0 -1.38293
1.5026 0.0 -1.5026
-0.70711 0.0 0.70711
-0.75258 0.0 0.6585
-0.8 0.0 0.6
-0.848 0.0 0.53
-0.89443 0.0 0.44721
-0.93633 0.0 0.35112
-0.97014 0.0 0.24254
-0.99228 0.0 0.12403
-1.0 0.0 -0.0
-0.99228 0.0 -0.12403
-0.97014 0.0 -0.24254
-0.93633 0.0 -0.35112
-0.89443 0.0 -0.44721
-0.848 0.0 -0.53
-0.8 0.0 -0.6
-0.75258 0.0 -0.6585
-0.70789 0.0 0.80902
-0.76014 0.0 0.76014
-0.8162 0.0 0.6996
-0.87476 0.0 0.62483
-0.93336 0.0 0.53335
-0.98808 0.0 0.42346
-1.03364 0.0 0.29533
-1.0642 0.0 0.15203
-1.075 0.0 -0.0
-1.0642 0.0 -0.15203
-1.03364 0.0 -0.29533
-0.98808 0.0 -0.42346
-0.93336 0.0 -0.53335
-0.87476 0.0 -0.62483
-0.8162 0.0 -0.6996
-0.76014 0.0 -0.76014
-0.69 0.0 0.92
-0.74841 0.0 0.87315
-0.81317 0.0 0.81317
-0.88345 0.0 0.73621
-0.95686 0.0 0.63791
-1.02859 0.0 0.5143
-1.09099 0.0 0.36366
-1.13435 0.0 0.18906
-1.15 0.0 -0.0
-1.13435 0.0 -0.18906
-1.09099 0.0 -0.36366
-1.02859 0.0 -0.5143
-0.95686 0.0 -0.63791
-0.88345 0.0 -0.73621
-0.81317 0.0 -0.81317
-0.74841 0.0 -0.87315
-0.64925 0.0 1.0388
-0.71202 0.0 0.99682
-0.78423 0.0 0.94107
-0.86621 0.0 0.86621
-0.95656 0.0 0.76525
-1.05043 0.0 0.63026
-1.13738 0.0 0.45495
-1.20121 0.0 0.24024
-1.225 0.0 -0.0
-1.20121 0.0 -0.24024
-1.13738 0.0 -0.45495
-1.05043 0.0 -0.63026
-0.95656 0.0 -0.76525
-0.86621 0.0 -0.86621
-0.78423 0.0 -0.94107
-0.71202 0.0 -0.99682
-0.58138 0.0 1.16276
-0.64498 0.0 1.12872
-0.72111 0.0 1.08167
-0.8121 0.0 1.01513
-0.91924 0.0 0.91924
-1.04 0.0 0.78
-1.16276 0.0 0.58138
-1.26119 0.0 0.3153
-1.3 0.0 -0.0
-1.26119 0.0 -0.3153
-1.16276 0.0 -0.58138
-1.04 0.0 -0.78
-0.91924 0.0 -0.91924
-0.8121 0.0 -1.01513
-0.72111 0.0 -1.08167
-0.64498 0.0 -1.12872
-0.48279 0.0 1.28745
-0.54164 0.0 1.26382
-0.61492 0.0 1.22984
-0.70743 0.0 1.17905
-0.825 0.0 1.1
-0.97227 0.0 0.97227
-1.14407 0.0 0.76271
-1.30444 0.0 0.43481
-1.375 0.0 -0.0
-1.30444 0.0 -0.43481
-1.14407 0.0 -0.76271
-0.97227 0.0 -0.97227
-0.825 0.0 -1.1
-0.70743 0.0 -1.17905
-0.61492 0.0 -1.22984
-0.54164 0.0 -1.26382
-0.35168 0.0 1.40671
-0.39835 0.0 1.39421
-0.45853 0.0 1.37559
-0.53852 0.0 1.34629
-0.64846 0.0 1.29692
-0.80432 0.0 1.20647
-1.0253 0.0 1.0253
-1.29692 0.0 0.64846
-1.45 0.0 -0.0
-1.29692 0.0 -0.64846
-1.0253 0.0 -1.0253
-0.80432 0.0 -1.20647
-0.64846 0.0 -1.29692
-0.53852 0.0 -1.34629
-0.45853 0.0 -1.37559
-0.39835 0.0 -1.39421
-0.18915 0.0 1.51322
-0.21567 0.0 1.50967
-0.25071 0.0 1.50425
-0.29908 0.0 1.49539
-0.36987 0.0 1.47947
-0.48225 0.0 1.44674
-0.682 0.0 1.364
-1.07834 0.0 1.07834
-1.525 0.0 -0.0
-1.07834 0.0 -1.07834
-0.682 0.0 -1.364
-0.48225 0.0 -1.44674
-0.36987 0.0 -1.47947
-0.29908 0.0 -1.49539
-0.25071 0.0 -1.50425
-0.21567 0.0 -1.50967
-0.0 0.0 1.6
-0.0 0.0 1.6
-0.0 0.0 1.6
-0.0 0.0 1.6
-0.0 0.0 1.6
-0.0 0.0 1.6
-0.0 0.0 1.6
-0.0 0.0 1.6
0.0 0.0 0.0
0.0 0.0 -1.6
0.0 0.0 -1.6
0.0 0.0 -1.6
0.0 0.0 -1.6
0.0 0.0 -1.6
0.0 0.0 -1.6
0.0 0.0 -1.6
0.20776 0.0 1.66207
0.23688 0.0 1.65817
0.27537 0.0 1.65221
0.32849 0.0 1.64247
0.40625 0.0 1.62499
0.52968 0.0 1.58904
0.74908 0.0 1.49817
1.1844 0.0 1.1844
1.675 0.0 0.0
1.1844 0.0 -1.1844
0.74908 0.0 -1.49817
0.52968 0.0 -1.58904
0.40625 0.0 -1.62499
0.32849 0.0 -1.64247
0.27537 0.0 -1.65221
0.23688 0.0 -1.65817
0.42444 0.0 1.69775
0.48076 0.0 1.68267
0.5534 0.0 1.6602
0.64993 0.0 1.62483
0.78262 0.0 1.56525
0.97073 0.0 1.45609
1.23744 0.0 1.23744
1.56525 0.0 0.78262
1.75 0.0 0.0
1.56525 0.0 -0.78262
1.23744 0.0 -1.23744
0.97073 0.0 -1.45609
0.78262 0.0 -1.56525
0.64993 0.0 -1.62483
0.5534 0.0 -1.6602
0.48076 0.0 -1.68267
0.6408 0.0 1.7088
0.7189 0.0 1.67744
0.81616 0.0 1.63233
0.93895 0.0 1.56492
1.095 0.0 1.46
1.29047 0.0 1.29047
1.51849 0.0 1.01233
1.73135 0.0 0.57712
1.825 0.0 0.0
1.73135 0.0 -0.57712
1.51849 0.0 -1.01233
1.29047 0.0 -1.29047
1.095 0.0 -1.46
0.93895 0.0 -1.56492
0.81616 0.0 -1.63233
0.7189 0.0 -1.67744
0.84971 0.0 1.69941
0.94266 0.0 1.64966
1.05393 0.0 1.5809
1.18692 0.0 1.48365
1.3435 0.0 1.3435
1.52 0.0 1.14
1.69941 0.0 0.84971
1.84327 0.0 0.46082
1.9 0.0 0.0
1.84327 0.0 -0.46082
1.69941 0.0 -0.84971
1.52 0.0 -1.14
1.3435 0.0 -1.3435
1.18692 0.0 -1.48365
1.05393 0.0 -1.5809
0.94266 0.0 -1.64966
1.04675 0.0 1.6748
1.14795 0.0 1.60712
1.26436 0.0 1.51724
1.39654 0.0 1.39654
1.54222 0.0 1.23377
1.69355 0.0 1.01613
1.83374 0.0 0.7335
1.93665 0.0 0.38733
1.975 0.0 0.0
1.93665 0.0 -0.38733
1.83374 0.0 -0.7335
1.69355 0.0 -1.01613
1.54222 0.0 -1.23377
1.39654 0.0 -1.39654
1.26436 0.0 -1.51724
1.14795 0.0 -1.60712
1.23 0.0 1.64
1.33412 0.0 1.55648
1.44957 0.0 1.44957
1.57485 0.0 1.31238
1.7057 0.0 1.13714
1.83358 0.0 0.91679
1.9448 0.0 0.64827
2.02211 0.0 0.33702
2.05 0.0 0.0
2.02211 0.0 -0.33702
1.9448 0.0 -0.64827
1.83358 0.0 -0.91679
1.7057 0.0 -1.13714
1.57485 0.0 -1.31238
1.44957 0.0 -1.44957
1.33412 0.0 -1.55648
1.39932 0.0 1.59923
1.5026 0.0 1.5026
1.61342 0.0 1.38293
1.72918 0.0 1.23513
1.84502 0.0 1.0543
1.95318 0.0 0.83708
2.04324 0.0 0.58378
2.10364 0.0 0.30052
2.125 0.0 0.0
2.10364 0.0 -0.30052
2.04324 0.0 -0.58378
1.95318 0.0 -0.83708
1.84502 0.0 -1.0543
1.72918 0.0 -1.23513
1.61342 0.0 -1.38293
1.5026 0.0 -1.5026
-0.70711 0.0 0.70711
-0.75258 0.0 0.6585
-0.8 0.0 0.6
-0.848 0.0 0.53
-0.89443 0.0 0.44721
-0.93633 0.0 0.35112
-0.97014 0.0 0.24254
-0.99228 0.0 0.12403
-1.0 0.0 -0.0
-0.99228 0.0 -0.12403
-0.97014 0.0 -0.24254
-0.93633 0.0 -0.35112
-0.89443 0.0 -0.44721
-0.848 0.0 -0.53
-0.8 0.0 -0.6
-0.75258 0.0 -0.6585
-0.70789 0.0 0.80902
-0.76014 0.0 0.76014
-0.8162 0.0 0.6996
-0.87476 0.0 0.62483
-0.93336 0.0 0.53335
-0.98808 0.0 0.42346
-1.03364 0.0 0.29533
-1.0642 0.0 0.15203
-1.075 0.0 -0.0
-1.0642 0.0 -0.15203
-1.03364 0.0 -0.29533
-0.98808 0.0 -0.42346
-0.93336 0.0 -0.53335
-0.87476 0.0 -0.62483
-0.8162 0.0 -0.6996
-0.76014 0.0 -0.76014
-0.69 0.0 0.92
-0.74841 0.0 0.87315
-0.81317 0.0 0.81317
-0.88345 0.0 0.73621
-0.95686 0.0 0.63791
-1.02859 0.0 0.5143
-1.09099 0.0 0.36366
-1.13435 0.0 0.18906
-1.15 0.0 -0.0
-1.13435 0.0 -0.18906
-1.09099 0.0 -0.36366
-1.02859 0.0 -0.5143
-0.95686 0.0 -0.63791
-0.88345 0.0 -0.73621
-0.81317 0.0 -0.81317
-0.74841 0.0 -0.87315
-0.64925 0.0 1.0388
-0.71202 0.0 0.99682
-0.78423 0.0 0.94107
-0.86621 0.0 0.86621
-0.95656 0.0 0.76525
-1.05043 0.0 0.63026
-1.13738 0.0 0.45495
-1.20121 0.0 0.24024
-1.225 0.0 -0.0
-1.20121 0.0 -0.24024
-1.13738 0.0 -0.45495
-1.05043 0.0 -0.63026
-0.95656 0.0 -0.76525
-0.86621 0.0 -0.86621
-0.78423 0.0 -0.94107
-0.71202 0.0 -0.99682
-0.58138 0.0 1.16276
-0.64498 0.0 1.12872
-0.72111 0.0 1.08167
-0.8121 0.0 1.01513
-0.91924 0.0 0.91924
-1.04 0.0 0.78
-1.16276 0.0 0.58138
-1.26119 0.0 0.3153
-1.3 0.0 -0.0
-1.26119 0.0 -0.3153
-1.16276 0.0 -0.58138
-1.04 0.0 -0.78
-0.91924 0.0 -0.91924
-0.8121 0.0 -1.01513
-0.72111 0.0 -1.08167
-0.64498 0.0 -1.12872
-0.48279 0.0 1.28745
-0.54164 0.0 1.26382
-0.61492 0.0 1.22984
-0.70743 0.0 1.17905
-0.825 0.0 1.1
-0.97227 0.0 0.97227
-1.14407 0.0 0.76271
-1.30444 0.0 0.43481
-1.375 0.0 -0.0
-1.30444 0.0 -0.43481
-1.14407 0.0 -0.76271
-0.97227 0.0 -0.97227
-0.825 0.0 -1.1
-0.70743 0.0 -1.17905
-0.61492 0.0 -1.22984
-0.54164 0.0 -1.26382
-0.35168 0.0 1.40671
-0.39835 0.0 1.39421
-0.45853 0.0 1.37559
-0.53852 0.0 1.34629
-0.64846 0.0 1.29692
-0.80432 0.0 1.20647
-1.0253 0.0 1.0253
-1.29692 0.0 0.64846
-1.45 0.0 -0.0
-1.29692 0.0 -0.64846
-1.0253 0.0 -1.0253
-0.80432 0.0 -1.20647
-0.64846 0.0 -1.29692
-0.53852 0.0 -1.34629
-0.45853 0.0 -1.37559
-0.39835 0.0 -1.39421
-0.18915 0.0 1.51322
-0.21567 0.0 1.50967
-0.25071 0.0 1.50425
-0.29908 0.0 1.49539
-0.36987 0.0 1.47947
-0.48225 0.0 1.44674
-0.682 0.0 1.364
-1.07834 0.0 1.07834
-1.525 0.0 -0.0
-1.07834 0.0 -1.07834
-0.682 0.0 -1.364
-0.48225 0.0 -1.44674
-0.36987 0.0 -1.47947
-0.29908 0.0 -1.49539
-0.25071 0.0 -1.50425
-0.21567 0.0 -1.50967
-0.0 0.0 1.6
-0.0 0.0 1.6
-0.0 0.0 1.6
-0.0 0.0 1.6
-0.0 0.0 1.6
-0.0 0.0 1.6
-0.0 0.0 1.6
-0.0 0.0 1.6
0.0 0.0 0.0
0.0 0.0 -1.6
0.0 0.0 -1.6
0.0 0.0 -1.6
0.0 0.0 -1.6
0.0 0.0 -1.6
0.0 0.0 -1.6
0.0 0.0 -1.6
0.20776 0.0 1.66207
0.23688 0.0 1.65817
0.27537 0.0 1.65221
0.32849 0.0 1.64247
0.40625 0.0 1.62499
0.52968 0.0 1.58904
0.74908 0.0 1.49817
1.1844 0.0 1.1844
1.675 0.0 0.0
1.1844 0.0 -1.1844
0.74908 0.0 -1.49817
0.52968 0.0 -1.58904
0.40625 0.0 -1.62499
0.32849 0.0 -1.64247
0.27537 0.0 -1.65221
0.23688 0.0 -1.65817
0.42444 0.0 1.69775
0.48076 0.0 1.68267
0.5534 0.0 1.6602
0.64993 0.0 1.62483
0.78262 0.0 1.56525
0.97073 0.0 1.45609
1.23744 0.0 1.23744
1.56525 0.0 0.78262
1.75 0.0 0.0
1.56525 0.0 -0.78262
1.23744 0.0 -1.23744
0.97073 0.0 -1.45609
0.78262 0.0 -1.56525
0.64993 0.0 -1.62483
0.5534 0.0 -1.6602
0.48076 0.0 -1.68267
0.6408 0.0 1.7088
0.7189 0.0 1.67744
0.81616 0.0 1.63233
0.93895 0.0 1.56492
1.095 0.0 1.46
1.29047 0.0 1.29047
1.51849 0.0 1.01233
1.73135 0.0 0.57712
1.825 0.0 0.0
1.73135 0.0 -0.57712
1.51849 0.0 -1.01233
1.29047 0.0 -1.29047
1.095 0.0 -1.46
0.93895 0.0 -1.56492
0.81616 0.0 -1.63233
0.7189 0.0 -1.67744
0.84971 0.0 1.69941
0.94266 0.0 1.64966
1.05393 0.0 1.5809
1.18692 0.0 1.48365
1.3435 0.0 1.3435
1.52 0.0 1.14
1.69941 0.0 0.84971
1.84327 0.0 0.46082
1.9 0.0 0.0
1.84327 0.0 -0.46082
1.69941 0.0 -0.84971
1.52 0.0 -1.14
1.3435 0.0 -1.3435
1.18692 0.0 -1.48365
1.05393 0.0 -1.5809
0.94266 0.0 -1.64966
1.04675 0.0 1.6748
1.14795 0.0 1.60712
1.26436 0.0 1.51724
1.39654 0.0 1.39654
1.54222 0.0 1.23377
1.69355 0.0 1.01613
1.83374 0.0 0.7335
1.93665 0.0 0.38733
1.975 0.0 0.0
1.93665 0.0 -0.38733
1.83374 0.0 -0.7335
1.69355 0.0 -1.01613
1.54222 0.0 -1.23377
1.39654 0.0 -1.39654
1.26436 0.0 -1.51724
1.14795 0.0 -1.60712
1.23 0.0 1.64
1.33412 0.0 1.55648
1.44957 0.0 1.44957
1.57485 0.0 1.31238
1.7057 0.0 1.13714
1.83358 0.0 0.91679
1.9448 0.0 0.64827
2.02211 0.0 0.33702
2.05 0.0 0.0
2.02211 0.0 -0.33702
1.9448 0.0 -0.64827
1.83358 0.0 -0.91679
1.7057 0.0 -1.13714
1.57485 0.0 -1.31238
1.44957 0.0 -1.44957
1.33412 0.0 -1.55648
1.39932 0.0 1.59923
1.5026 0.0 1.5026
1.61342 0.0 1.38293
1.72918 0.0 1.23513
1.84502 0.0 1.0543
1.95318 0.0 0.83708
2.04324 0.0 0.58378
2.10364 0.0 0.30052
2.125 0.0 0.0
2.10364 0.0 -0.30052
2.04324 0.0 -0.58378
1.95318 0.0 -0.83708
1.84502 0.0 -1.0543
1.72918 0.0 -1.23513
1.61342 0.0 -1.38293
1.5026 0.0 -1.5026
