8 8 8
0.9 0.7 0.9 
-0.70711 0.0 0.70711
-0.8 0.0 0.6
-0.89443 0.0 0.44721
-0.97014 0.0 0.24254
-1.0 0.0 -0.0
-0.97014 0.0 -0.24254
-0.89443 0.0 -0.44721
-0.8 0.0 -0.6
-0.69 0.0 0.92
-0.81317 0.0 0.81317
-0.95686 0.0 0.63791
-1.09099 0.0 0.36366
-1.15 0.0 -0.0
-1.09099 0.0 -0.36366
-0.95686 0.0 -0.63791
-0.81317 0.0 -0.81317
-0.58138 0.0 1.16276
-0.72111 0.0 1.08167
-0.91924 0.0 0.91924
-1.16276 0.0 0.58138
-1.3 0.0 -0.0
-1.16276 0.0 -0.58138
-0.91924 0.0 -0.91924
-0.72111 0.0 -1.08167
-0.35168 0.0 1.40671
-0.45853 0.0 1.37559
-0.64846 0.0 1.29692
-1.0253 0.0 1.0253
-1.45 0.0 -0.0
-1.0253 0.0 -1.0253
-0.64846 0.0 -1.29692
-0.45853 0.0 -1.37559
-0.0 0.0 1.6
-0.0 0.0 1.6
-0.0 0.0 1.6
-0.0 0.0 1.6
0.0 0.0 0.0
0.0 0.0 -1.6
0.0 0.0 -1.6
0.0 0.0 -1.6
0.42444 0.0 1.69775
0.5534 0.0 1.6602
0.78262 0.0 1.56525
1.23744 0.0 1.23744
1.75 0.0 0.0
1.23744 0.0 -1.23744
0.78262 0.0 -1.56525
0.5534 0.0 -1.6602
0.84971 0.0 1.69941
1.05393 0.0 1.5809
1.3435 0.0 1.3435
1.69941 0.0 0.84971
1.9 0.0 0.0
1.69941 0.0 -0.84971
1.3435 0.0 -1.3435
1.05393 0.0 -1.5809
1.23 0.0 1.64
1.44957 0.0 1.44957
1.7057 0.0 1.13714
1.9448 0.0 0.64827
2.05 0.0 0.0
1.9448 0.0 -0.64827
1.7057 0.0 -1.13714
1.44957 0.0 -1.44957
-0.70711 0.0 0.70711
-0.8 0.0 0.6
-0.89443 0.0 0.44721
-0.97014 0.0 0.24254
-1.0 0.0 -0.0
-0.97014 0.0 -0.24254
-0.89443 0.0 -0.44721
-0.8 0.0 -0.6
-0.69 0.0 0.92
-0.81317 0.0 0.81317
-0.95686 0.0 0.63791
-1.09099 0.0 0.36366
-1.15 0.0 -0.0
-1.09099 0.0 -0.36366
-0.95686 0.0 -0.63791
-0.81317 0.0 -0.81317
-0.58138 0.0 1.16276
-0.72111 0.0 1.08167
-0.91924 0.0 0.91924
-1.16276 0.0 0.58138
-1.3 0.0 -0.0
-1.16276 0.0 -0.58138
-0.91924 0.0 -0.91924
-0.72111 0.0 -1.08167
-0.35168 0.0 1.40671
-0.45853 0.0 1.37559
-0.64846 0.0 1.29692
-1.0253 0.0 1.0253
-1.45 0.0 -0.0
-1.0253 0.0 -1.0253
-0.64846 0.0 -1.29692
-0.45853 0.0 -1.37559
-0.0 0.0 1.6
-0.0 0.0 1.6
-0.0 0.0 1.6
-0.0 0.0 1.6
0.0 0.0 0.0
0.0 0.0 -1.6
0.0 0.0 -1.6
0.0 0.0 -1.6
0.42444 0.0 1.69775
0.5534 0.0 1.6602
0.78262 0.0 1.56525
1.23744 0.0 1.23744
1.75 0.0 0.0
1.23744 0.0 -1.23744
0.78262 0.0 -1.56525
0.5534 0.0 -1.6602
0.84971 0.0 1.69941
1.05393 0.0 1.5809
1.3435 0.0 1.3435
1.69941 0.0 0.84971
1.9 0.0 0.0
1.69941 0.0 -0.84971
1.3435 0.0 -1.3435
1.05393 0.0 -1.5809
1.23 0.0 1.64
1.44957 0.0 1.44957
1.7057 0.0 1.13714
1.9448 0.0 0.64827
2.05 0.0 0.0
1.9448 0.0 -0.64827
1.7057 0.0 -1.13714
1.44957 0.0 -1.44957
-0.70711 0.0 0.70711
-0.8 0.0 0.6
-0.89443 0.0 0.44721
-0.97014 0.0 0.24254
-1.0 0.0 -0.0
-0.97014 0.0 -0.24254
-0.89443 0.0 -0.44721
-0.8 0.0 -0.6
-0.69 0.0 0.92
-0.81317 0.0 0.81317
-0.95686 0.0 0.63791
-1.09099 0.0 0.36366
-1.15 0.0 -0.0
-1.09099 0.0 -0.36366
-0.95686 0.0 -0.63791
-0.81317 0.0 -0.81317
-0.58138 0.0 1.16276
-0.72111 0.0 1.08167
-0.91924 0.0 0.91924
-1.16276 0.0 0.58138
-1.3 0.0 -0.0
-1.16276 0.0 -0.58138
-0.91924 0.0 -0.91924
-0.72111 0.0 -1.08167
-0.35168 0.0 1.40671
-0.45853 0.0 1.37559
-0.64846 0.0 1.29692
-1.0253 0.0 1.0253
-1.45 0.0 -0.0
-1.0253 0.0 -1.0253
-0.64846 0.0 -1.29692
-0.45853 0.0 -1.37559
-0.0 0.0 1.6
-0.0 0.0 1.6
-0.0 0.0 1.6
-0.0 0.0 1.6
0.0 0.0 0.0
0.0 0.0 -1.6
0.0 0.0 -1.6
0.0 0.0 -1.6
0.42444 0.0 1.69775
0.5534 0.0 1.6602
0.78262 0.0 1.56525
1.23744 0.0 1.23744
1.75 0.0 0.0
1.23744 0.0 -1.23744
0.78262 0.0 -1.56525
0.5534 0.0 -1.6602
0.84971 0.0 1.69941
1.05393 0.0 1.5809
1.3435 0.0 1.3435
1.69941 0.0 0.84971
1.9 0.0 0.0
1.69941 0.0 -0.84971
1.3435 0.0 -1.3435
1.05393 0.0 -1.5809
1.23 0.0 1.64
1.44957 0.0 1.44957
1.7057 0.0 1.13714
1.9448 0.0 0.64827
2.05 0.0 0.0
1.9448 0.0 -0.64827
1.7057 0.0 -1.13714
1.44957 0.0 -1.44957
-0.70711 0.0 0.70711
-0.8 0.0 0.6
-0.89443 0.0 0.44721
-0.97014 0.0 0.24254
-1.0 0.0 -0.0
-0.97014 0.0 -0.24254
-0.89443 0.0 -0.44721
-0.8 0.0 -0.6
-0.69 0.0 0.92
-0.81317 0.0 0.81317
-0.95686 0.0 0.63791
-1.09099 0.0 0.36366
-1.15 0.0 -0.0
-1.09099 0.0 -0.36366
-0.95686 0.0 -0.63791
-0.81317 0.0 -0.81317
-0.58138 0.0 1.16276
-0.72111 0.0 1.08167
-0.91924 0.0 0.91924
-1.16276 0.0 0.58138
-1.3 0.0 -0.0
-1.16276 0.0 -0.58138
-0.91924 0.0 -0.91924
-0.72111 0.0 -1.08167
-0.35168 0.0 1.40671
-0.45853 0.0 1.37559
-0.64846 0.0 1.29692
-1.0253 0.0 1.0253
-1.45 0.0 -0.0
-1.0253 0.0 -1.0253
-0.64846 0.0 -1.29692
-0.45853 0.0 -1.37559
-0.0 0.0 1.6
-0.0 0.0 1.6
-0.0 0.0 1.6
-0.0 0.0 1.6
0.0 0.0 0.0
0.0 0.0 -1.6
0.0 0.0 -1.6
0.0 0.0 -1.6
0.42444 0.0 1.69775
0.5534 0.0 1.6602
0.78262 0.0 1.56525
1.23744 0.0 1.23744
1.75 0.0 0.0
1.23744 0.0 -1.23744
0.78262 0.0 -1.56525
0.5534 0.0 -1.6602
0.84971 0.0 1.69941
1.05393 0.0 1.5809
1.3435 0.0 1.3435
1.69941 0.0 0.84971
1.9 0.0 0.0
1.69941 0.0 -0.84971
1.3435 0.0 -1.3435
1.05393 0.0 -1.5809
1.23 0.0 1.64
1.44957 0.0 1.44957
1.7057 0.0 1.13714
1.9448 0.0 0.64827
2.05 0.0 0.0
1.9448 0.0 -0.64827
1.7057 0.0 -1.13714
1.44957 0.0 -1.44957
-0.70711 0.0 0.70711
-0.8 0.0 0.6
-0.89443 0.0 0.44721
-0.97014 0.0 0.24254
-1.0 0.0 -0.0
-0.97014 0.0 -0.24254
-0.89443 0.0 -0.44721
-0.8 0.0 -0.6
-0.69 0.0 0.92
-0.81317 0.0 0.81317
-0.95686 0.0 0.63791
-1.09099 0.0 0.36366
-1.15 0.0 -0.0
-1.09099 0.0 -0.36366
-0.95686 0.0 -0.63791
-0.81317 0.0 -0.81317
-0.58138 0.0 1.16276
-0.72111 0.0 1.08167
-0.91924 0.0 0.91924
-1.16276 0.0 0.58138
-1.3 0.0 -0.0
-1.16276 0.0 -0.58138
-0.91924 0.0 -0.91924
-0.72111 0.0 -1.08167
-0.35168 0.0 1.40671
-0.45853 0.0 1.37559
-0.64846 0.0 1.29692
-1.0253 0.0 1.0253
-1.45 0.0 -0.0
-1.0253 0.0 -1.0253
-0.64846 0.0 -1.29692
-0.45853 0.0 -1.37559
-0.0 0.0 1.6
-0.0 0.0 1.6
-0.0 0.0 1.6
-0.0 0.0 1.6
0.0 0.0 0.0
0.0 0.0 -1.6
0.0 0.0 -1.6
0.0 0.0 -1.6
0.42444 0.0 1.69775
0.5534 0.0 1.6602
0.78262 0.0 1.56525
1.23744 0.0 1.23744
1.75 0.0 0.0
1.23744 0.0 -1.23744
0.78262 0.0 -1.56525
0.5534 0.0 -1.6602
0.84971 0.0 1.69941
1.05393 0.0 1.5809
1.3435 0.0 1.3435
1.69941 0.0 0.84971
1.9 0.0 0.0
1.69941 0.0 -0.84971
1.3435 0.0 -1.3435
1.05393 0.0 -1.5809
1.23 0.0 1.64
1.44957 0.0 1.44957
1.7057 0.0 1.13714
1.9448 0.0 0.64827
2.05 0.0 0.0
1.9448 0.0 -0.64827
1.7057 0.0 -1.13714
1.44957 0.0 -1.44957
-0.70711 0.0 0.70711
-0.8 0.0 0.6
-0.89443 0.0 0.44721
-0.97014 0.0 0.24254
-1.0 0.0 -0.0
-0.97014 0.0 -0.24254
-0.89443 0.0 -0.44721
-0.8 0.0 -0.6
-0.69 0.0 0.92
-0.81317 0.0 0.81317
-0.95686 0.0 0.63791
-1.09099 0.0 0.36366
-1.15 0.0 -0.0
-1.09099 0.0 -0.36366
-0.95686 0.0 -0.63791
-0.81317 0.0 -0.81317
-0.58138 0.0 1.16276
-0.72111 0.0 1.08167
-0.91924 0.0 0.91924
-1.16276 0.0 0.58138
-1.3 0.0 -0.0
-1.16276 0.0 -0.58138
-0.91924 0.0 -0.91924
-0.72111 0.0 -1.08167
-0.35168 0.0 1.40671
-0.45853 0.0 1.37559
-0.64846 0.0 1.29692
-1.0253 0.0 1.0253
-1.45 0.0 -0.0
-1.0253 0.0 -1.0253
-0.64846 0.0 -1.29692
-0.45853 0.0 -1.37559
-0.0 0.0 1.6
-0.0 0.0 1.6
-0.0 0.0 1.6
-0.0 0.0 1.6
0.0 0.0 0.0
0.0 0.0 -1.6
0.0 0.0 -1.6
0.0 0.0 -1.6
0.42444 0.0 1.69775
0.5534 0.0 1.6602
0.78262 0.0 1.56525
1.23744 0.0 1.23744
1.75 0.0 0.0
1.23744 0.0 -1.23744
0.78262 0.0 -1.56525
0.5534 0.0 -1.6602
0.84971 0.0 1.69941
1.05393 0.0 1.5809
1.3435 0.0 1.3435
1.69941 0.0 0.84971
1.9 0.0 0.0
1.69941 0.0 -0.84971
1.3435 0.0 -1.3435
1.05393 0.0 -1.5809
1.23 0.0 1.64
1.44957 0.0 1.44957
1.7057 0.0 1.13714
1.9448 0.0 0.64827
2.05 0.0 0.0
1.9448 0.0 -0.64827
1.7057 0.0 -1.13714
1.44957 0.0 -1.44957
-0.70711 0.0 0.70711
-0.8 0.0 0.6
-0.89443 0.0 0.44721
-0.97014 0.0 0.24254
-1.0 0.0 -0.0
-0.97014 0.0 -0.24254
-0.89443 0.0 -0.44721
-0.8 0.0 -0.6
-0.69 0.0 0.92
-0.81317 0.0 0.81317
-0.95686 0.0 0.63791
-1.09099 0.0 0.36366
-1.15 0.0 -0.0
-1.09099 0.0 -0.36366
-0.95686 0.0 -0.63791
-0.81317 0.0 -0.81317
-0.58138 0.0 1.16276
-0.72111 0.0 1.08167
-0.91924 0.0 0.91924
-1.16276 0.0 0.58138
-1.3 0.0 -0.0
-1.16276 0.0 -0.58138
-0.91924 0.0 -0.91924
-0.72111 0.0 -1.08167
-0.35168 0.0 1.40671
-0.45853 0.0 1.37559
-0.64846 0.0 1.29692
-1.0253 0.0 1.0253
-1.45 0.0 -0.0
-1.0253 0.0 -1.0253
-0.64846 0.0 -1.29692
-0.45853 0.0 -1.37559
-0.0 0.0 1.6
-0.0 0.0 1.6
-0.0 0.0 1.6
-0.0 0.0 1.6
0.0 0.0 0.0
0.0 0.0 -1.6
0.0 0.0 -1.6
0.0 0.0 -1.6
0.42444 0.0 1.69775
0.5534 0.0 1.6602
0.78262 0.0 1.56525
1.23744 0.0 1.23744
1.75 0.0 0.0
1.23744 0.0 -1.23744
0.78262 0.0 -1.56525
0.5534 0.0 -1.6602
0.84971 0.0 1.69941
1.05393 0.0 1.5809
1.3435 0.0 1.3435
1.69941 0.0 0.84971
1.9 0.0 0.0
1.69941 0.0 -0.84971
1.3435 0.0 -1.3435
1.05393 0.0 -1.5809
1.23 0.0 1.64
1.44957 0.0 1.44957
1.7057 0.0 1.13714
1.9448 0.0 0.64827
2.05 0.0 0.0
1.9448 0.0 -0.64827
1.7057 0.0 -1.13714
1.44957 0.0 -1.44957
-0.70711 0.0 0.70711
-0.8 0.0 0.6
-0.89443 0.0 0.44721
-0.97014 0.0 0.24254
-1.0 0.0 -0.0
-0.97014 0.0 -0.24254
-0.89443 0.0 -0.44721
-0.8 0.0 -0.6
-0.69 0.0 0.92
-0.81317 0.0 0.81317
-0.95686 0.0 0.63791
-1.09099 0.0 0.36366
-1.15 0.0 -0.0
-1.09099 0.0 -0.36366
-0.95686 0.0 -0.63791
-0.81317 0.0 -0.81317
-0.58138 0.0 1.16276
-0.72111 0.0 1.08167
-0.91924 0.0 0.91924
-1.16276 0.0 0.58138
-1.3 0.0 -0.0
-1.16276 0.0 -0.58138
-0.91924 0.0 -0.91924
-0.72111 0.0 -1.08167
-0.35168 0.0 1.40671
-0.45853 0.0 1.37559
-0.64846 0.0 1.29692
-1.0253 0.0 1.0253
-1.45 0.0 -0.0
-1.0253 0.0 -1.0253
-0.64846 0.0 -1.29692
-0.45853 0.0 -1.37559
-0.0 0.0 1.6
-0.0 0.0 1.6
-0.0 0.0 1.6
-0.0 0.0 1.6
0.0 0.0 0.0
0.0 0.0 -1.6
0.0 0.0 -1.6
0.0 0.0 -1.6
0.42444 0.0 1.69775
0.5534 0.0 1.6602
0.78262 0.0 1.56525
1.23744 0.0 1.23744
1.75 0.0 0.0
1.23744 0.0 -1.23744
0.78262 0.0 -1.56525
0.5534 0.0 -1.6602
0.84971 0.0 1.69941
1.05393 0.0 1.5809
1.3435 0.0 1.3435
1.69941 0.0 0.84971
1.9 0.0 0.0
1.69941 0.0 -0.84971
1.3435 0.0 -1.3435
1.05393 0.0 -1.5809
1.23 0.0 1.64
1.44957 0.0 1.44957
1.7057 0.0 1.13714
1.9448 0.0 0.64827
2.05 0.0 0.0
1.9448 0.0 -0.64827
1.7057 0.0 -1.13714
1.44957 0.0 -1.44957
